res1letter	pdb_id	resname	Structurally_corrected_score	intrinsic_score	chain	overall_id	ok	exposure_weight	solvent_exposure	SASA	contacts
G	1	GLY	-0.8898443616584578	-1.002981635660956	A	0	True	0.9002556702462167	0.5451406186354191	83.27677118398388	4;5;33;34;
I	2	ILE	-0.9891480439062665	-1.001684995226895	A	1	True	1.0	0.7053167343342032	143.69742274288515	5;6;33;
I	3	ILE	-0.8912737789614013	-1.203061039003982	A	2	True	0.9028401683524103	0.5465620925938256	111.35360930976603	6;7;32;33;34;
N	4	ASN	-0.2168454201235826	-0.9779772840141157	A	3	True	0.3112911438720523	0.22121012912962876	39.215468061713196	7;8;31;32;33;34;35;37;
T	5	THR	-0.6651454745346429	-0.6201414604561704	A	4	True	0.8998384229189943	0.5449111326054468	88.74455400280263	0;8;9;32;33;
L	6	LEU	-0.6180882537025103	-0.5748872141230953	A	5	True	0.7871855147536935	0.48295203311453133	100.40703165500048	0;1;9;10;32;33;
Q	7	GLN	-0.24397732758754181	-0.5441239707082635	A	6	True	0.3852209533621027	0.26187152434915645	54.57080465461471	1;2;10;11;30;31;32;33;34;37;39;
K	8	LYS	-0.5703123589722459	-1.195757387980097	A	7	True	0.4623513257221525	0.3042932291471838	74.79624946271106	2;3;11;12;15;16;17;30;31;32;33;37;38;39;
Y	9	TYR	-0.293904201419068	-0.48396609732195456	A	8	True	0.9306744895085185	0.5618709692296852	138.27256861773782	3;4;12;13;14;15;32;
Y	10	TYR	-0.29731788122385155	-0.6672050832718609	A	9	True	0.9390582078385825	0.5664820143112204	139.40731499609257	4;5;13;14;15;30;31;32;39;
C	11	CYS	0.0	-0.16409951136104117	A	10	True	0.0	0.019659146734943345	3.050959993321389	5;6;14;15;16;17;29;30;31;32;38;39;40;41;
R	12	ARG	-0.1873226106725016	-0.4782146167126622	A	11	True	1.0	0.7029081408223117	191.90291966869364	6;7;15;16;17;32;39;
V	13	VAL	0.16880804096331195	0.10546523838775564	A	12	True	0.9208543713654581	0.556469904251002	99.30717393671041	7;8;16;
R	14	ARG	1.0627539690706975	1.0831007604323033	A	13	True	0.8057485300695065	0.49316169153822853	134.6394542595881	8;9;29;30;39;40;41;
G	15	GLY	1.4303203019838358	1.0776511524972379	A	14	True	1.0	0.6273154883514761	62.80187090139181	8;9;10;39;40;41;42;
G	16	GLY	0.12613465734171936	0.4577723436456964	A	15	True	0.1551312456921223	0.13532218513066727	13.547388130019876	7;8;9;10;11;26;27;28;29;30;32;38;39;40;41;42;
R	17	ARG	0.45977045661571136	0.4098405647622753	A	16	True	0.6718593707839662	0.4195226539311813	114.53505441318283	7;10;11;12;22;28;29;31;32;38;39;40;41;42;
C	18	CYS	-0.07775824229695245	-0.48280175848682205	A	17	True	0.37148588283359796	0.25431723555847885	39.468229306303456	7;10;11;21;22;28;30;31;32;33;37;38;39;40;41;
A	19	ALA	-0.0	-0.556546877720698	A	18	True	0.0	0.031308532081471385	4.0564461271909265	22;23;28;31;32;36;37;38;39;40;41;
V	20	VAL	-0.7127343915619682	-1.185141875116565	A	19	True	1.0	0.7089641632142178	126.52117739587875	32;36;37;38;39;
L	21	LEU	-1.6602195219524305	-2.0639124690764046	A	20	True	1.0	0.7691465002003849	159.90763408721057	36;37;38;
S	22	SER	-0.8096663693957653	-1.400015751515896	A	21	True	0.8757064345962222	0.5316385390279221	72.05222690049965	17;26;27;28;36;37;38;39;40;
C	23	CYS	0.004597080397864423	-0.8898264931739275	A	22	True	0.26260084350062163	0.19443046392534186	30.174227544919187	16;17;18;26;27;28;29;37;38;39;40;41;42;
L	24	LEU	0.4169473692890259	0.13362985905899116	A	23	True	0.6452696052474147	0.40489828288607804	84.17944623737942	18;27;28;40;41;42;43;
P	25	PRO	1.2681846451327312	1.0381278280306219	A	24	True	1.0	0.73552436710623	121.59622639807155	42;43;
K	26	LYS	1.9983814955225838	1.0227875078769142	A	25	True	1.0	0.7056134485857517	173.44204362541325	40;41;42;43;44;45;
E	27	GLU	0.09642077425490804	1.0283934306775415	A	26	True	0.043088962003209386	0.07369892910176516	14.465596324522824	15;21;22;39;40;41;42;43;44;
E	28	GLU	1.5835418779206138	1.4758042305025698	A	27	True	0.6502902920783653	0.4076596606431009	80.01527512716358	15;21;22;23;38;39;40;41;42;43;44;
Q	29	GLN	1.4646597866734976	1.6673000340026995	A	28	True	0.6609463347665548	0.41352048412160514	86.17258258898781	15;16;17;18;21;22;23;38;39;40;41;42;43;
I	30	ILE	0.3151812224559768	0.7374708227380941	A	29	True	0.27383106518351924	0.20060708585093556	40.87060439300602	10;13;15;16;22;38;39;40;41;42;
G	31	GLY	0.22950669889945072	0.3146398552525596	A	30	True	0.3772532059331072	0.2574892632632089	25.777790872732698	6;7;9;10;13;15;17;37;38;39;40;41;
K	32	LYS	0.7236704198752029	-0.2649640350262617	A	31	True	0.8889366970271774	0.5389151833649475	132.46707659969087	3;6;7;9;10;16;17;18;35;36;37;38;39;40;
C	33	CYS	0.0	0.295486274928547	A	32	True	0.0	0.0	0.0	2;3;4;5;6;7;8;9;10;11;15;16;17;18;19;36;37;38;39;40;
S	34	SER	0.0	0.9459710986507083	A	33	True	0.0	0.041543896022089355	5.63038606641934	0;1;2;3;4;5;6;7;17;37;38;39;
T	35	THR	1.3468161425897	1.3727482679310314	A	34	True	0.9773644369283524	0.5875504403105938	95.68881723924748	0;2;3;6;38;
R	36	ARG	1.6783425491782589	1.4095331214927254	A	35	True	1.0	0.8082954782358236	220.67501174050128	3;31;
G	37	GLY	1.1304100309088398	1.4520152924410799	A	36	True	0.7911528917347719	0.4851340904541245	48.56779257695236	18;19;20;21;31;32;
R	38	ARG	0.2547235537654205	0.9255281464865922	A	37	True	0.5511885805571101	0.3531537193064105	96.41548573825719	3;6;7;17;18;19;20;21;22;30;31;32;33;
K	39	LYS	0.7426856897663273	1.6225807247748958	A	38	True	0.493235271978879	0.3212793995883834	78.97150451290332	7;10;15;16;17;18;19;20;21;22;27;28;29;30;31;32;33;34;
C	40	CYS	0.0	1.6675399902391899	A	39	True	0.0	0.01584371799358379	2.4588325422064496	6;7;9;10;11;13;14;15;16;17;18;19;21;22;26;27;28;29;30;31;32;33;
C	41	CYS	0.0	2.012990341217439	A	40	True	0.0	0.004806050462539012	0.7458649088277707	10;13;14;15;16;17;18;21;22;23;25;26;27;28;29;30;31;32;
R	42	ARG	1.4344144084138264	1.9255946413513187	A	41	True	0.5007811376731367	0.32542962572022516	88.84645332083069	10;13;14;15;16;17;18;22;23;25;26;27;28;29;30;
R	43	ARG	2.7881643917555134	1.9195694700125647	A	42	True	1.0	0.712369007215489	194.4858572931209	14;15;16;22;23;24;25;26;27;28;29;
K	44	LYS	1.9067144049709766	2.2613048004089196	A	43	True	0.6605766202616467	0.4133171411439056	101.59467590802366	23;24;25;26;27;28;
K	45	LYS	2.437973307681831	2.601306164644117	A	44	True	1.0	0.7377651422323402	181.34503280916437	25;26;27;
E	46	GLU	1.6510580825535868	1.9513306574239162	A	45	True	1.0	0.9129563788544508	179.19471285900005	25;
A	47	ALA	1.6532416942070458	1.8251684283833483	A	46	True	1.0	0.7143740796353065	92.55687750423701	
A	48	ALA	1.3762279539279916	1.4482589770526717	A	47	True	1.0	0.7178297561297793	93.00460739129628	
A	49	ALA	0.5964875028067402	0.6431362083954936	A	48	True	1.0	0.7764648613816058	100.60158271410182	
K	50	LYS	-0.18356662035681667	-0.2976800521333853	A	49	True	1.0	0.8141343812716492	200.11683614659142	
G	51	GLY	-0.5598420364505542	-0.6789691632278126	A	50	True	0.8653651172210658	0.5259508144715861	52.65404053346087	
L	52	LEU	-0.5571833220174555	-0.5811456993340234	A	51	True	1.0	0.8290668834334355	172.36524354639653	
Y	53	TYR	-0.38886096834332146	-0.4133104238253827	A	52	True	1.0	0.7625188818077915	187.650635432613	
Y	54	TYR	-0.792161172681583	-0.8129368473615891	A	53	True	1.0	0.9079990573757581	223.4523028266782	
Q	55	GLN	-1.4029849366780736	-1.419857267742989	A	54	True	1.0	0.7545378483905061	157.23640678904627	
G	56	GLY	-1.537422342570849	-1.5519152623412815	A	55	True	1.0	0.8039155220186536	80.48167113188364	
S	57	SER	-1.1595225784834042	-1.171864698504824	A	56	True	1.0	0.6793126957692754	92.06629861983583	
C	58	CYS	-0.7571108012082286	-0.7794286620886702	A	57	True	1.0	0.8284699106325992	128.57264799381392	
Y	59	TYR	-1.2202279987574576	-1.2436786699812525	A	58	True	1.0	0.8369294269118884	205.96255714997005	
A	60	ALA	-0.8498488872695026	-0.8858428464233074	A	59	True	1.0	0.8496569016606498	110.08460694399977	
A	61	ALA	-0.6708478277227976	-0.7158594819326894	A	60	True	1.0	0.7989539276437253	103.51534709966057	
Y	62	TYR	-0.6278861533935306	-0.6935656312892391	A	61	True	1.0	0.8387178045743611	206.4026645528987	
K	63	LYS	-0.6353275595771682	-0.7785589627834205	A	62	True	1.0	0.7169415396983561	176.22652467078296	
P	64	PRO	-0.1456946175615202	-0.22700222602527165	A	63	True	1.0	0.7384398524337972	122.07821180848815	
C	65	CYS	-0.3862141771415975	-0.4659534002802588	A	64	True	1.0	0.6989038962565273	108.46492248134962	
V	66	VAL	-0.10691176734356891	-0.18685671323358108	A	65	True	1.0	0.8645402414866229	154.28515986350953	
K	67	LYS	-0.31095222487812757	-0.4532846258408656	A	66	True	1.0	0.7330707063327269	180.19112544284454	
L	68	LEU	-0.9499186280480882	-1.0153880250663827	A	67	True	1.0	0.8702469302100867	180.9266864573886	
T	69	THR	-0.5932374252099999	-0.6410789017854286	A	68	True	1.0	0.6147247835248982	100.11444707973504	
P	70	PRO	-0.1611062970270452	-0.1962233267596925	A	69	True	1.0	0.8097936155267215	133.87435170462362	
L	71	LEU	-1.1098930396150923	-1.127830627354299	A	70	True	1.0	0.7540862885018893	156.77657541252174	
A	72	ALA	-0.7266527234604355	-0.7375684135063549	A	71	True	1.0	0.6807412496209984	88.19928696939519	
A	73	ALA	-0.9071220727041557	-0.9184194460973087	A	72	True	1.0	0.7271275993343688	94.20926942911842	
Y	74	TYR	-1.687506843923844	-1.6885324231371444	A	73	True	1.0	0.7813676616561843	192.28919009672154	
S	75	SER	-0.8463687616792339	-0.8523957681593818	A	74	True	1.0	0.7229357482571591	97.97846985124522	
L	76	LEU	-0.7214077115289464	-0.7257141531549024	A	75	True	1.0	0.7540906645491067	156.77748520455356	
W	77	TRP	-0.5680063924902533	-0.5762609344488995	A	76	True	1.0	0.9528254782029117	256.9635013495348	
D	78	ASP	-0.3100285341720414	-0.4731849456870934	A	77	True	0.6879658438651214	0.4283812141258167	71.60777537205739	81;82;
Q	79	GLN	-0.1719401657437622	-0.16991749882091572	A	78	True	1.0	0.882565933772863	183.91588503727922	82;
S	80	SER	0.23769920114946858	0.33434574345742474	A	79	True	1.0	0.7755962314159955	105.1154714090859	
L	81	LEU	0.35075773886425643	0.48601668730423464	A	80	True	1.0	0.6140589300957842	127.6645095260248	
K	82	LYS	-0.03817160132676581	0.0066170508143595635	A	81	True	1.0	0.7570276165501264	186.07981063639403	77;
P	83	PRO	-0.09646108351147577	-0.07758239324176515	A	82	True	1.0	0.7979131996935591	131.91029205145946	77;78;
C	84	CYS	-0.5966011429907592	-0.6070861757842259	A	83	True	1.0	0.7746626861535985	120.2221487859668	
A	85	ALA	-0.5464867427927758	-0.5560883511363542	A	84	True	1.0	0.6920854961968241	89.66908839504686	
A	86	ALA	-1.5003324694805504	-1.4961650445023422	A	85	True	1.0	0.7123383766752469	92.29312450020103	97;
Y	87	TYR	-2.306877341400125	-2.279530830497431	A	86	True	1.0	0.78849837237623	194.0440088030208	95;97;
M	88	MET	-1.7802890146422443	-1.7015924159525169	A	87	True	1.0	0.835626479707396	180.4451820280151	94;95;
I	89	ILE	-1.7096272666176486	-1.5133211106873776	A	88	True	1.0	0.79013378885854	160.9775914195791	92;93;94;95;
V	90	VAL	-1.7726204301854267	-1.7736991525052388	A	89	True	1.0	0.874193092440965	156.00779992254067	93;94;
G	91	GLY	-1.6692745122255377	-1.782168545276619	A	90	True	0.8924794380721066	0.5408636909396586	54.146999913720194	94;
G	92	GLY	-1.395854789481837	-1.4049530525979879	A	91	True	1.0	0.8943692713463189	89.53718592994981	
L	93	LEU	-1.2870913817992782	-1.276811137808011	A	92	True	1.0	0.8069867655219556	167.77472741628148	88;
I	94	ILE	-0.8404036302846606	-0.7951707092205801	A	93	True	1.0	0.7952003272162087	162.00982058526338	88;89;
G	95	GLY	-1.3375611125734166	-0.9834420144857193	A	94	True	1.0	0.6538304165542044	65.45633604511616	87;88;89;90;
L	96	LEU	-1.746488895669148	-1.5448280189426846	A	95	True	1.0	0.8100788498087401	168.41758008813156	86;87;88;
A	97	ALA	-1.0746146334879982	-1.1159231306460893	A	96	True	1.0	0.7312620409018279	94.74494256258808	
A	98	ALA	-0.22894694068029423	-0.10471011444735566	A	97	True	1.0	0.837069599174488	108.4537507196037	85;86;
Y	99	TYR	0.03235491978743422	-0.07337486882072625	A	98	True	1.0	0.7284123802231913	179.25726072750385	102;
S	100	SER	0.13349577300055612	0.19691155106089028	A	99	True	0.8767034566566528	0.532186901161159	72.12654565271025	
E	101	GLU	0.20854896243642934	0.12283414976904962	A	100	True	1.0	0.8545735908664479	167.73536258583005	
G	102	GLY	0.42585907929283595	0.42034844649960995	A	101	True	1.0	0.776413398403852	77.72837578234628	
A	103	ALA	0.6552844947772899	0.9078831428420192	A	102	True	0.6992944912866969	0.4346119702076832	56.30989146320019	98;106;107;
T	104	THR	0.957398096773904	1.3003761971533534	A	103	True	0.7290806553112268	0.4509943604211747	73.44921213480876	107;
P	105	PRO	0.419912999233251	0.4486403413712238	A	104	True	1.0	0.7064571940408528	116.79086750735915	108;
Q	106	GLN	0.22827319533599844	0.24823127297798517	A	105	True	1.0	0.7446547286945172	155.17688620677444	109;
D	107	ASP	0.36283850224174996	0.23584580039829026	A	106	True	0.9698286442864605	0.5834057543575533	97.52152249265424	102;110;
L	108	LEU	0.22746513063241758	-0.07557697008139327	A	107	True	1.0	0.6115861857461807	127.1504192993325	102;103;111;
A	109	ALA	-0.07096218990173339	-0.18382912374044014	A	108	True	1.0	0.6919974459306042	89.65768028557443	104;
A	110	ALA	0.04022756534541042	-0.03504258320621626	A	109	True	1.0	0.6562471860638247	85.02574791629897	105;
Y	111	TYR	-0.0530492842691145	-0.11151115389428581	A	110	True	1.0	0.8417980152487213	207.1606831464051	106;
G	112	GLY	0.68268214646238	0.7285823576629298	A	111	True	0.9373693842317564	0.565553161327466	56.61871464213141	107;
P	113	PRO	1.013150885313248	1.0116056514752467	A	112	True	1.0	0.8309919241813737	137.37883701293293	116;
K	114	LYS	0.5167393595493104	0.4792169351372051	A	113	True	1.0	0.79317055307251	194.9638600909928	
E	115	GLU	1.5283792388991746	1.4625497745684124	A	114	True	1.0	0.7730132044888294	151.72672257178561	
P	116	PRO	1.764423510338822	1.7696553654209557	A	115	True	1.0	0.7870769344634478	130.11885043625617	
F	117	PHE	1.0953101124893683	1.1044759774336337	A	116	True	1.0	0.7340886048560135	168.6782189440704	112;
R	118	ARG	0.6514411403947494	0.6224017418475744	A	117	True	1.0	0.779494657466416	212.81201901994717	
D	119	ASP	0.11963076971951582	0.00639683744971366	A	118	True	1.0	0.913869572467799	152.7615238641448	
Y	120	TYR	-0.6417800300955352	-0.6478833346674775	A	119	True	1.0	0.7126062675063118	175.36748545005756	
A	121	ALA	0.3816568646569882	0.4213234060588776	A	120	True	1.0	0.8005121112024522	103.71723097099004	
A	122	ALA	0.11263957218035912	0.15469352054652472	A	121	True	1.0	0.8243061016684853	106.80006603413497	
Y	123	TYR	-0.77119811619035	-0.8130346997238185	A	122	True	1.0	0.7841619896590565	192.97685493736515	
K	124	LYS	-0.7920438308548272	-0.9104135037976938	A	123	True	1.0	0.6966100427744827	171.22897766610473	
P	125	PRO	-0.7167021033092158	-0.751547325931123	A	124	True	1.0	0.761364742290009	125.86813396711621	
V	126	VAL	-0.7753255929277136	-0.8355331052867191	A	125	True	0.9722000887642221	0.5847100488203222	104.34688754443565	
V	127	VAL	-0.3662679659301554	-0.3860218097639755	A	126	True	1.0	0.8262489935906357	147.45173439699	
S	128	SER	-1.1382310796534183	-1.1979565883399843	A	127	True	0.9437197363399226	0.5690458549869574	77.12198806218535	131;
T	129	THR	-1.7322637381927388	-1.7600599875655014	A	128	True	1.0	0.881906203680057	143.6277734750563	
Q	130	GLN	-1.4961819867603279	-1.5511830733756276	A	129	True	1.0	0.7122742543689397	148.42919363715828	
L	131	LEU	-1.0159228715648592	-1.0749922527232632	A	130	True	1.0	0.7541069646798553	156.78087404574654	
L	132	LEU	-1.2094245569820303	-1.2269225659452045	A	131	True	1.0	0.8689062918955774	180.64796413207867	127;
L	133	LEU	-1.5087655938113012	-1.527446120554756	A	132	True	1.0	0.7247839176548875	150.6845333970288	
A	134	ALA	-1.5263996174265266	-1.527446120554756	A	133	True	1.0	0.7782621371436705	100.83444423202768	
A	135	ALA	-1.346250272468437	-1.3465950879638	A	134	True	1.0	0.75895600147251	98.33307179238369	
Y	136	TYR	-0.942137545581049	-0.9342867329239978	A	135	True	1.0	0.824646149658875	202.93972737261646	139;
Q	137	GLN	-1.1006829449374378	-1.1555491196935685	A	136	True	0.8189346640887223	0.5004140652487972	104.28013610484676	140;141;
T	138	THR	-1.6804067035265198	-1.687690126580017	A	137	True	1.0	0.6243265086562139	101.67818979565618	
S	139	SER	-1.5344016448968365	-1.5357598133580759	A	138	True	1.0	0.6948058676748168	94.16606651775318	
V	140	VAL	-1.162864771579153	-1.1557092495216181	A	139	True	1.0	0.7117586329122458	127.01987622261306	135;
F	141	PHE	-1.4369636919752664	-1.3360322360614396	A	140	True	1.0	0.6674607428887499	153.36852878630836	136;
S	142	SER	-1.7329768407261552	-1.7381456554219665	A	141	True	1.0	0.8633018796043247	117.00209512014268	136;
A	143	ALA	-2.2347251854216514	-2.2701265324803654	A	142	True	1.0	0.6536836665820973	84.69360910357622	
T	144	THR	-1.7626196499574933	-1.7884861038929336	A	143	True	1.0	0.7923794606692608	129.04739439227222	
V	145	VAL	-1.2280603293472385	-1.2508954890714197	A	144	True	1.0	0.7181364150954698	128.15805012880546	
Y	146	TYR	-1.766022351435578	-1.7704908935501227	A	145	True	1.0	0.8641330315391088	212.65717654385705	
A	147	ALA	-1.553915628814381	-1.596514439136323	A	146	True	1.0	0.7016424488811065	90.90732158985213	
A	148	ALA	-0.8060862139502422	-0.8819088977388264	A	147	True	1.0	0.7713520111480324	99.93914343157923	
Y	149	TYR	-0.09532760147743836	-0.2004063770460331	A	148	True	1.0	0.7891461601616313	194.20342490727234	
S	150	SER	0.748045913258595	0.8122456244450791	A	149	True	1.0	0.6522912358846064	88.40411799171046	
E	151	GLU	1.0205807700309342	1.0009607912287153	A	150	True	1.0	0.801174541637494	157.25421856279067	
S	152	SER	0.5543078446241675	0.643204078035708	A	151	True	1.0	0.641185482608694	86.89897079828066	155;
E	153	GLU	1.3048553158745213	1.307019381604489	A	152	True	1.0	0.9768789622785664	191.74141196445208	
S	154	SER	1.3396607225167976	1.746446882346815	A	153	True	0.8338107454090251	0.5085959099749637	68.92929164463288	
Y	155	TYR	0.770433513437005	0.88480264850093	A	154	True	1.0	0.920712685494743	226.58103898272634	
N	156	ASN	0.6168875340080807	0.6948489344593232	A	155	True	1.0	0.6789410174830661	120.3606267563455	151;
E	157	GLU	0.10405784086436941	0.054320794353665956	A	156	True	1.0	0.8867840362837832	174.05761592816646	
L	158	LEU	-0.4149364082448755	-0.5120916964762862	A	157	True	1.0	0.7847092426400005	163.14317025981126	
A	159	ALA	-0.30639817807228176	-0.3544260960184982	A	158	True	1.0	0.6619531544232786	85.7650337184359	
A	160	ALA	-0.12641422953522075	-0.13931809400290215	A	159	True	1.0	0.6119922418700532	79.29191802875482	
Y	161	TYR	-0.9703794173739704	-1.0019820225539036	A	160	True	1.0	0.855441168691287	210.51816907086175	
M	162	MET	-0.42981239694823015	-0.5047816229585	A	161	True	1.0	0.8426743341280851	181.9670957116187	
R	163	ARG	0.11715466180266466	0.12748265847273732	A	162	True	1.0	0.8604746372411557	234.9205900421922	
Y	164	TYR	0.06891385251632057	0.18986692365828886	A	163	True	1.0	0.9110260329501777	224.19722062941136	
G	165	GLY	0.7387051200912582	0.8550463116456097	A	164	True	1.0	0.6237602064009075	62.44594415922829	168;
R	166	ARG	1.1519244676775175	1.1591359587193515	A	165	True	1.0	0.8858966081814632	241.8611135101242	
H	167	HIS	-0.038976530423472405	0.0071161429813616384	A	166	True	1.0	0.7615884574889561	161.57175284473954	
P	168	PRO	0.3167814797898105	0.36611140343233756	A	167	True	1.0	0.7643750752774093	126.36579950729356	
S	169	SER	0.1295899454154414	0.1356056366704381	A	168	True	1.0	0.7846960728396255	106.34876017745248	164;
F	170	PHE	-0.8112663436036104	-0.8655622832755308	A	169	True	1.0	0.8844552086683779	203.22932183813208	
A	171	ALA	-0.3221529880692185	-0.3673484167197555	A	170	True	1.0	0.820914945553362	106.36069563969758	
A	172	ALA	-0.07094138502017827	-0.09480791232312237	A	171	True	1.0	0.7841958688646675	101.60323987523424	
Y	173	TYR	-0.7869680073499413	-0.7891591746726608	A	172	True	1.0	0.7761500836451518	191.0051801494947	
K	174	LYS	0.2707883561877066	0.28463019090817987	A	173	True	1.0	0.6414476991967075	157.66989709518813	
E	175	GLU	0.24590223779848958	0.23643842730790213	A	174	True	1.0	0.7367766653558012	144.61422916537052	
F	176	PHE	-0.020851648353900465	-0.023939614509956735	A	175	True	0.9898024772021119	0.5943913624611615	136.57871231409948	
K	177	LYS	0.026972142065774085	-0.04536648207282955	A	176	True	1.0	0.7403936519086486	181.99112889883193	
T	178	THR	-0.2699794094704509	-0.2885113886650641	A	177	True	1.0	0.8089136038164981	131.7401548657172	
L	179	LEU	-0.8225532153256352	-1.1017284247243393	A	178	True	0.7551992046182142	0.46535956254001776	96.74950952288856	182;
Y	180	TYR	-0.5844513334964394	-0.5967116027874234	A	179	True	1.0	0.7939024325527172	195.37391072443907	
N	181	ASN	-1.1278724411683436	-1.141332474900944	A	180	True	1.0	0.8881767264816952	157.45330554049548	
L	182	LEU	-1.4438843936848296	-1.4530029548322196	A	181	True	1.0	0.7024641671296966	146.04419699951518	
A	183	ALA	-0.9012694900556066	-1.0530800723721132	A	182	True	0.8633703495343529	0.524853692243894	68.00193384041098	178;
A	184	ALA	-1.5467354584052362	-1.5572593405651893	A	183	True	1.0	0.8339841689247569	108.05399126889964	
Y	185	TYR	-1.8971741712835986	-1.9138629343313813	A	184	True	1.0	0.7765387118432904	191.10081886752204	
S	186	SER	-1.9030971220223893	-1.908413326396316	A	185	True	1.0	0.7446500259165292	100.92137550243092	
F	187	PHE	-2.072751682847988	-2.0795224332950477	A	186	True	1.0	0.753551442791713	173.1503723283813	
T	188	THR	-2.5182273264215422	-2.544566328625689	A	187	True	1.0	0.7559569528027392	123.1156029076258	
L	189	LEU	-1.5160455409686497	-1.5418227051983366	A	188	True	1.0	0.6874005342774684	142.91242705772822	
M	190	MET	-1.4532935055078517	-1.5104874595717073	A	189	True	1.0	0.8383122893393109	181.02515575993078	
V	191	VAL	-1.0847300152660007	-1.1539398642999308	A	190	True	1.0	0.6592348959740004	117.64653214760334	
E	192	GLU	-0.9028846929221619	-1.0744128550730236	A	191	True	1.0	0.8896498780951202	174.62012221255895	
S	193	SER	-0.7450900800309154	-0.8140348132551636	A	192	True	1.0	0.6436304486796193	87.23033362692065	
F	194	PHE	-0.974906550920011	-1.0259487836120156	A	193	True	1.0	0.9062740688896722	208.24283990280688	
A	195	ALA	-0.4123220785011037	-0.43609876000896564	A	194	True	1.0	0.7508063862617942	97.27717830706861	
A	196	ALA	-0.7897885280277311	-0.7902595287057899	A	195	True	1.0	0.8823850341875786	114.32498161546577	
Y	197	TYR	-0.2769125118878688	-0.3057144998193981	A	196	True	1.0	0.7884776319843729	194.03890473569348	217;
S	198	SER	0.08177135460250226	0.19062021604646753	A	197	True	1.0	0.646800933652015	87.66002501655048	217;218;
P	199	PRO	0.014204653791025798	-0.05439983977257151	A	198	True	1.0	0.6270461978460717	103.66271308633452	216;
R	200	ARG	0.27799808834436573	0.22267674476671562	A	199	True	1.0	0.756936647235987	206.65339348450908	
T	201	THR	0.568979472654921	0.6027273086031733	A	200	True	1.0	0.7666272160985497	124.85336839013947	
L	202	LEU	-0.004655083974132557	-0.06614167676335304	A	201	True	1.0	0.7480188438600006	155.51513728937255	
N	203	ASN	-0.8131547054753844	-0.8642461751282798	A	202	True	1.0	0.6445008069205844	114.25516954846043	
A	204	ALA	-1.2575267028756891	-1.2904040707796134	A	203	True	1.0	0.6833482507024036	88.53705941470594	
W	205	TRP	-0.9180677113291796	-0.9423447706586356	A	204	True	1.0	0.8524290218590053	229.8880027032633	
V	206	VAL	-0.4912440302396457	-0.500631288220266	A	205	True	1.0	0.8175977951306229	145.90784844077487	
G	207	GLY	-0.4325027350672057	-0.4980286565437542	A	206	True	0.86856279374567	0.5277095365601184	52.83010989506023	
P	208	PRO	-0.3043077433435496	-0.3043077433435496	A	207	True	1.0	0.8954922286963215	148.04196930507004	
G	209	GLY	0.46934976923310745	0.4878513748881432	A	208	True	1.0	0.6106882936487503	61.137287522593056	
P	210	PRO	0.6883734502213903	0.5809718468677372	A	209	True	1.0	0.8964678680562872	148.20326112598414	229;230;
G	211	GLY	0.5486890522175631	0.6723797578183979	A	210	True	0.7155237377613494	0.4435380557687421	44.40352619292589	229;230;231;
P	212	PRO	0.2047514885620116	-0.0012690229403054644	A	211	True	1.0	0.6563359816243463	108.50487377975345	229;230;231;232;
I	213	ILE	-0.07269340125745459	-0.16939052451665226	A	212	True	1.0	0.6217820188574245	126.67851089910982	229;230;231;232;233;
P	214	PRO	-0.7717781849596231	-0.8345699125039743	A	213	True	1.0	0.6512531150958396	107.66457885984062	230;231;232;233;234;
I	215	ILE	-0.9451469900274581	-1.4248937996285824	A	214	True	0.707424302364438	0.4390833663004408	89.4564739998738	225;232;233;234;
H	216	HIS	-1.8061731894540638	-1.789549633006355	A	215	True	1.0	0.6253055646356609	132.6592008430201	232;233;234;235;236;
Y	217	TYR	-0.7607459759869505	-1.1159008522476517	A	216	True	0.7231598632840562	0.44773792480623087	110.18521390313225	198;221;222;223;224;233;234;235;236;
C	218	CYS	-1.3823830063950762	-1.401029676398517	A	217	True	1.0	0.727685963506294	112.93169496583594	196;197;221;222;223;234;235;236;237;238;
T	219	THR	-0.5824321341410068	-0.8187888065904744	A	218	True	0.6306367318299224	0.39685020250645725	64.63126209032313	197;222;223;236;237;238;241;
P	220	PRO	-1.186607205579393	-1.2244387820507878	A	219	True	1.0	0.7899182995406557	130.58858235359162	236;237;238;239;240;241;
A	221	ALA	-0.5904460177768585	-0.8443882182143301	A	220	True	0.7808681144379468	0.4794774629408707	62.122826217485795	236;237;238;239;240;241;242;
G	222	GLY	-0.2424480604991323	-0.8363052008977656	A	221	True	0.2588579267368988	0.19237185970529433	19.258750856002397	216;217;236;238;239;240;241;242;243;
Y	223	TYR	-1.0008298392065156	-1.0171562334887194	A	222	True	1.0	0.6087661288003087	149.81314381146723	216;217;218;240;241;242;243;244;
A	224	ALA	-0.08040408647774676	-1.1085641444393803	A	223	True	0.06398292623572242	0.08519060942964733	11.037602043899057	216;217;218;234;236;241;242;243;244;245;
I	225	ILE	-0.6691531899770204	-0.8234353202885148	A	224	True	0.9409377607305919	0.5675157684018255	115.62259806903856	216;234;242;243;244;245;246;
L	226	LEU	-0.11755711833770624	-0.8234353202885148	A	225	True	0.17265282614023073	0.1449590543771269	30.1373787944515	214;232;234;243;244;245;246;247;248;
G	227	GLY	0.22077431458116	-0.15825593230119286	A	226	True	0.9593763171847954	0.5776569744516374	57.83045279199977	244;245;246;247;248;
P	228	PRO	0.32616462034751337	0.035464980899010685	A	227	True	1.0	0.6585409220658232	108.86939254909203	245;246;247;248;249;266;
G	229	GLY	0.5734297344639928	0.575915250728791	A	228	True	0.6550760440757518	0.41029182424166344	41.07517613766383	232;246;247;248;249;250;
P	230	PRO	1.5376914806712672	1.0300142057468555	A	229	True	1.0	0.7002180584078498	115.75941921973315	209;210;211;212;247;248;249;250;251;270;
G	231	GLY	0.5111733483199505	0.447773335938813	A	230	True	0.596934907270241	0.3783141989986325	37.873828921571	209;210;211;212;213;248;249;250;251;252;
S	232	SER	0.14620531561556735	-0.31899591679948325	A	231	True	0.7011479953412254	0.43563139743767393	59.04051341077154	210;211;212;213;248;249;250;251;252;253;272;
G	233	GLY	-0.10011970179582717	-0.41192085268677037	A	232	True	0.3006485620343784	0.2153567091189081	21.55981239898304	211;212;213;214;215;225;228;250;251;252;253;254;
I	234	ILE	-0.667008855869618	-0.5962536995247193	A	233	True	0.8301394867550436	0.5065767177152739	103.20720495303425	212;213;214;215;216;251;252;253;254;255;
V	235	VAL	-0.0	-0.6891786354120064	A	234	True	0.0	0.04932587356879104	8.802655936387595	213;214;215;216;217;223;224;225;243;252;253;254;255;256;
Q	236	GLN	-1.032241609864757	-0.6891786354120075	A	235	True	0.929233013116109	0.5610781572138599	116.92178670203467	215;216;217;253;254;255;256;257;
Q	237	GLN	-0.0	-0.6003733561378586	A	236	True	0.0	0.04981091200771378	10.379981388189856	215;216;217;218;219;220;221;223;241;243;254;255;256;257;258;
Q	238	GLN	-0.614635619275273	-0.4598459687681845	A	237	True	1.0	0.73338108495805	152.82759751791264	217;218;219;220;241;255;256;257;258;
S	239	SER	-0.11119974267001968	-0.221987048741823	A	238	True	0.17052409643674502	0.14378825304020976	19.487420630985373	217;218;219;220;221;256;257;258;259;260;261;
N	240	ASN	-0.012457701663041248	0.29164617486173544	A	239	True	1.0	0.6940251705074163	123.03470015204323	219;220;221;257;258;259;260;261;
L	241	LEU	-0.09291764165142832	0.20979997059575353	A	240	True	0.7555803919790576	0.4655692155884816	96.79309695772741	219;220;221;222;257;258;259;260;261;262;
L	242	LEU	-0.0	-0.286204118518036	A	241	True	0.0	0.03751475381619323	7.799418608221877	218;219;220;221;222;223;236;237;256;257;258;259;260;261;262;263;
R	243	ARG	-0.07839638062984035	0.08819965118089075	A	242	True	0.6397658799110244	0.4018712339510634	109.71599082043488	220;221;222;223;224;256;260;261;262;263;264;282;
A	244	ALA	-0.0	-0.026491265784822225	A	243	True	0.0	0.019793576794983354	2.5645270664345055	221;222;223;224;225;234;236;254;256;261;262;263;264;265;
I	245	ILE	0.14057867102633093	0.5190156001839054	A	244	True	0.4381817857589632	0.2909999821674297	59.28676496688843	222;223;224;225;226;262;263;264;265;266;
E	246	GLU	0.0	1.0044498008285982	A	245	True	0.0	0.019366577457686805	3.8012640767637826	223;224;225;226;227;252;254;263;264;265;266;267;268;272;285;
G	247	GLY	0.09731323648203918	0.7715084007330153	A	246	True	0.1522609455766487	0.13374352006715678	13.389344655315206	224;225;226;227;228;264;265;266;267;268;
P	248	PRO	0.779060622799631	0.98430294170595	A	247	True	0.7117383290803804	0.44145608099420913	72.98112199948976	225;226;227;228;229;265;266;267;268;269;270;288;
G	249	GLY	0.45485357098943263	1.6555984826745107	A	248	True	0.22058053221309099	0.17131929271720003	17.1511341644336	225;226;227;228;229;230;231;252;266;267;268;269;270;271;
P	250	PRO	1.6003162736031922	1.661048090609577	A	249	True	0.7257994593349159	0.44918970263420366	74.25963736875417	227;228;229;230;231;268;269;270;271;272;290;
G	251	GLY	0.36074719574656283	1.0004254611917782	A	250	True	0.26198001552044053	0.1940890085362423	19.430658231481143	228;229;230;231;232;269;270;271;272;
P	252	PRO	0.3650426508839047	0.32429958591713653	A	251	True	0.7143988394942922	0.44291936172186064	73.22303025243245	229;230;231;232;233;270;271;272;273;
E	253	GLU	0.0413590463988552	0.4102578889327319	A	252	True	0.11229660123307239	0.11176313067818981	21.936822584262824	230;231;232;233;234;245;248;270;271;272;273;274;
V	254	VAL	-0.04854909806779553	-0.05836551469656004	A	253	True	0.37063466458497596	0.25384906552173675	45.301701153756724	231;232;233;234;235;271;272;273;274;275;
I	255	ILE	-0.0	-0.7941358128469687	A	254	True	0.0	0.030441751934633166	6.202038153701714	232;233;234;235;236;243;245;263;272;273;274;275;276;
P	256	PRO	-0.2257181524752977	-0.958669569402521	A	255	True	0.18764266817634606	0.15320346749699032	25.32745936348169	233;234;235;236;237;273;274;275;276;277;
M	257	MET	-0.0	-1.5759130210583536	A	256	True	0.0	0.0024427136228125745	0.5274795797101474	234;235;236;237;238;241;242;243;260;261;262;263;274;275;276;277;278;281;
F	258	PHE	-0.9290023632668667	-1.3588616949658794	A	257	True	0.6059496681345785	0.38327231747401813	88.06796816409415	235;236;237;238;239;240;241;261;275;276;277;278;
S	259	SER	-0.12860614429212233	-0.8142003644590023	A	258	True	0.13991139718499856	0.1269512684517492	17.205527681489738	236;237;238;239;240;241;276;277;278;279;280;281;
A	260	ALA	-0.3576524556731822	-0.4820857369540374	A	259	True	0.5636761867825948	0.36002190273042706	46.64573379660396	238;239;240;241;276;277;278;279;280;281;
L	261	LEU	-0.09086672971321991	-0.07353499864877572	A	260	True	0.5963523521439136	0.3779937936791524	78.58593028913873	238;239;240;241;242;256;276;277;278;279;280;281;282;
S	262	SER	-0.0	0.46851438630142933	A	261	True	0.0	0.00493258987505415	0.668507000140264	238;239;240;241;242;243;256;257;276;277;278;279;280;281;282;283;
E	263	GLU	-0.02059725814092806	0.23705706385258085	A	262	True	0.30262534354968734	0.21644393895232802	42.48352975998736	240;241;242;243;244;256;276;280;281;282;283;284;
G	264	GLY	0.0	0.4307779770527844	A	263	True	0.0	0.02005586901106321	2.007835164022461	241;242;243;244;245;254;256;274;276;281;282;283;284;285;
A	265	ALA	0.4827790103450423	0.9663764649577543	A	264	True	0.4212354379411974	0.28167949086765853	36.49540888298097	242;243;244;245;246;282;283;284;285;286;
T	266	THR	0.0834344749652226	0.9768318193093871	A	265	True	0.06747834606761241	0.08711309033718682	14.18729016016845	243;244;245;246;247;272;283;284;285;286;287;288;305;
G	267	GLY	0.2034713983141097	0.6338179759342891	A	266	True	0.20126796269998223	0.16069737948499022	16.08775212473929	227;244;245;246;247;248;284;285;286;287;288;
P	268	PRO	1.1640831643557918	0.610285578032868	A	267	True	0.9395447626978934	0.5667496194838414	93.69453701841113	245;246;247;248;285;286;287;288;289;290;306;308;
G	269	GLY	0.18037272725972908	0.2716024926125929	A	268	True	0.16995418826373196	0.14347480354505257	14.363563879982657	245;246;247;248;249;286;287;288;289;290;
P	270	PRO	1.4437682171889654	0.9247323797895061	A	269	True	0.8448251195110329	0.514653815731068	85.082105628226	247;248;249;250;288;289;290;291;310;
G	271	GLY	0.9270216509143177	1.382225521067472	A	270	True	0.4300612151698373	0.2865336683434105	28.685487258562343	229;247;248;249;250;251;252;288;289;290;291;292;
Y	272	TYR	0.5271400375315461	0.6313100265261632	A	271	True	0.4092502926088286	0.2750876609348557	67.69717525120754	248;249;250;251;252;253;289;290;291;292;293;311;
K	273	LYS	0.024415710853120373	0.0589775347818794	A	272	True	0.061470503215482586	0.08380877676851542	20.60046551778675	231;245;249;250;251;252;253;254;265;285;290;291;292;293;294;
R	274	ARG	-0.12263368182842864	-0.614671245976824	A	273	True	0.6322176903542868	0.3977197296948577	108.58257701923625	251;252;253;254;255;291;292;293;294;295;
W	275	TRP	-0.0	-1.078678579058645	A	274	True	0.0	0.015929865935922268	4.296058638821945	252;253;254;255;256;263;283;292;293;294;295;296;
I	276	ILE	-0.16029840314408364	-0.5407011177773023	A	275	True	0.3099798341167683	0.22048890876422256	44.92121963151538	253;254;255;256;257;281;293;294;295;296;297;
I	277	ILE	-0.0	-1.3715856694002466	A	276	True	0.0	0.030568869686383036	6.227936438007373	254;255;256;257;258;259;260;261;262;263;280;281;282;283;294;295;296;297;298;301;
L	278	LEU	-0.8502278401348402	-1.714387893712501	A	277	True	0.38168561710188426	0.2599270894060363	54.03954369065635	255;256;257;258;259;260;261;281;295;296;297;298;301;
G	279	GLY	-0.08597644670091917	-0.6793332607749438	A	278	True	0.06549580184329291	0.0860226910138111	8.611912245043758	256;257;258;259;260;261;296;297;298;299;300;301;
L	280	LEU	-0.8142049715884733	-0.6534476230833809	A	279	True	0.6107284069712531	0.38590062383418916	80.22978162681228	258;259;260;261;297;298;299;300;301;
N	281	ASN	-0.6134637158252317	-0.725512791677493	A	280	True	0.5025409159347952	0.32639750376413734	57.862770274794975	258;259;260;261;262;276;298;299;300;301;302;
K	282	LYS	-0.0	0.15474405899190935	A	281	True	0.0	0.03668775450577473	9.017967458333848	256;258;259;260;261;262;263;275;276;277;296;298;300;301;302;303;
I	283	ILE	0.023388783752968986	-0.1911361880600935	A	282	True	0.37545466220562856	0.2565000642130957	52.25793798242936	242;260;261;262;263;264;276;301;302;303;304;
V	284	VAL	0.0	0.2629627669579711	A	283	True	0.0	0.028903759522505356	5.158141801378688	261;262;263;264;265;274;276;294;301;302;303;304;305;323;
R	285	ARG	0.5305595718383082	0.23967976094292107	A	284	True	0.8396226046780114	0.5117924325729062	139.72588503554033	262;263;264;265;266;302;303;304;305;306;
M	286	MET	0.05504117067458136	-0.11270645467995882	A	285	True	0.05787088961973684	0.08182898929085526	17.670151947467286	245;263;264;265;266;267;272;292;303;304;305;306;307;
G	287	GLY	0.47392583925464565	0.5468228873378923	A	286	True	0.43400527485566237	0.28870290117061426	28.90265371228265	264;265;266;267;268;304;305;306;307;308;
P	288	PRO	1.3545660374919515	1.1896104362409297	A	287	True	0.7152771080378113	0.4434024094207962	73.30288726327754	265;266;267;268;305;306;307;308;309;310;326;328;
G	289	GLY	0.7484856782503967	1.1034532836327746	A	288	True	0.4345158904901179	0.2889837397695648	28.93076905418465	247;265;266;267;268;269;270;292;305;306;307;308;309;310;328;
P	290	PRO	1.2829056905997722	1.4370203554461896	A	289	True	0.6682849840037344	0.4175567412020538	69.03010465445645	267;268;269;270;271;307;308;309;310;311;328;
G	291	GLY	1.0315637907572959	1.7202219842199227	A	290	True	0.4704722248598279	0.30875972367290533	30.910584332314265	249;267;268;269;270;271;272;308;309;310;311;312;
K	292	LYS	0.7153639254299101	0.9166678779199328	A	291	True	0.5638498356845232	0.3601174096264877	88.51801166190148	269;270;271;272;273;309;310;311;312;313;
S	293	SER	0.11047270031266107	0.45266054483811163	A	292	True	0.20510994983946848	0.16281047241170765	22.065475391297362	270;271;272;273;274;285;288;305;310;311;312;313;314;
D	294	ASP	0.0023939306716743176	0.09791308952409672	A	293	True	0.20229915217538985	0.1612645336964644	26.95681818816729	271;272;273;274;275;311;312;313;314;315;
V	295	VAL	-8.440943314625801e-05	-0.1439995872763857	A	294	True	0.0018025982156527497	0.050991429018609015	9.099889629517751	272;273;274;275;276;283;303;312;313;314;315;316;
L	296	LEU	-0.5546528333500405	-1.1106864115740254	A	295	True	0.4719665713525581	0.3095816142439069	64.36285347166671	273;274;275;276;277;301;303;313;314;315;316;317;
T	297	THR	-0.0	-1.5253480064039704	A	296	True	0.0	0.028032579153685337	4.565402660516686	274;275;276;277;278;281;300;301;302;303;314;315;316;317;318;321;
T	298	THR	-1.5406162694818872	-2.4606445703352247	A	297	True	0.6544424408122061	0.4099433424467133	66.7636187168772	275;276;277;278;279;301;315;316;317;318;321;
W	299	TRP	-0.8312321558543907	-1.4089428459745497	A	298	True	0.6104350285113923	0.3857392656812657	104.02840245666468	276;277;278;279;280;281;316;317;318;320;321;
L	300	LEU	-0.7742685416885178	-1.4918305144314514	A	299	True	0.7514909509793378	0.46332002303863573	96.32548375379457	278;279;280;316;317;318;319;320;321;322;
I	301	ILE	-1.4558755690462224	-1.8605031578267985	A	300	True	0.8986789641289222	0.5442734302709071	110.88732960687116	278;279;280;281;296;318;319;320;321;322;
D	302	ASP	-0.0	-1.1416865557522038	A	301	True	0.0	0.03878458644695669	6.483192685886833	276;277;278;279;280;281;282;283;295;296;297;316;317;318;320;321;322;323;
Y	303	TYR	0.16221302427344225	-0.027562402884843247	A	302	True	0.5860379198188	0.37232085590034	91.62559362316796	280;281;282;283;284;296;320;321;322;323;324;
V	304	VAL	0.0	0.45787179775985076	A	303	True	0.0	0.01811239646607395	3.2323237834183844	281;282;283;284;285;294;295;296;314;321;322;323;324;325;
E	305	GLU	0.6045973444331444	1.1100937109556812	A	304	True	0.5052089609972052	0.32786492854846283	64.35319702952086	282;283;284;285;286;322;323;324;325;326;
D	306	ASP	0.17158128013602097	0.728056010995981	A	305	True	0.14909511044394846	0.13200231074417165	22.06537426168499	265;283;284;285;286;287;288;292;312;323;324;325;326;327;328;
G	307	GLY	0.6467858213058745	1.3667304876627568	A	306	True	0.3318711894265654	0.23252915418461098	23.27898193664519	267;284;285;286;287;288;324;325;326;327;328;
P	308	PRO	1.9098511659943893	1.9884627331803104	A	307	True	0.8131007484778446	0.49720541166281446	82.19755117122598	285;286;287;288;289;325;326;327;328;329;
G	309	GLY	0.4350238653892691	1.074056386144923	A	308	True	0.30241230173340516	0.2163267659533728	21.656926825800653	267;286;287;288;289;290;325;326;327;328;329;330;
P	310	PRO	0.5796289772677133	0.5196861239317814	A	309	True	0.5531611611908179	0.3542386386549498	58.56241292766151	287;288;289;290;291;326;327;328;329;330;331;
G	311	GLY	0.4570819177418783	0.46006044343875774	A	310	True	0.4367529423648511	0.29021411830066807	29.053944832728313	269;287;288;289;290;291;292;328;329;330;331;
L	312	LEU	0.7452777333015463	0.7204696793533398	A	311	True	0.8610701305548588	0.5235885718051723	108.85547776743918	271;289;290;291;292;293;328;330;331;
H	313	HIS	-0.015183256496747547	0.15598730675144976	A	312	True	0.44784408726110414	0.2963142479936072	62.86336402609177	290;291;292;293;294;305;325;
S	314	SER	-0.0070538473508408575	0.3414142286875264	A	313	True	0.8231942416503828	0.5027568329077104	68.13792970441594	291;292;293;294;295;325;
D	315	ASP	-0.05432110157820392	0.2861234635973984	A	314	True	0.41224954930893504	0.27673725211991423	46.25912232711274	292;293;294;295;296;303;321;323;325;
Y	316	TYR	-0.4999169294426817	0.0334341263015399	A	315	True	1.0	0.6151081412649204	151.37386931912218	293;294;295;296;297;321;
K	317	LYS	0.052318579479168605	0.6317663215265498	A	316	True	0.5604302727155702	0.3582366499935636	88.05571492569791	294;295;296;297;298;299;301;320;321;322;323;
S	318	SER	0.19707583758679195	1.0432091488848174	A	317	True	0.7031509651744762	0.4367330308459618	59.18981624431002	295;296;297;298;299;301;321;
F	319	PHE	-0.06450636829541738	0.5020060042222622	A	318	True	0.6175544601523398	0.38965495308378684	89.53456443013476	296;297;298;299;300;301;322;
E	320	GLU	1.3919957644398842	1.3619014185804352	A	319	True	1.0	0.9219927908324003	180.9683761874672	299;300;
D	321	ASP	0.44156627689236905	0.862982940285991	A	320	True	0.942839747446269	0.5685618610954479	95.04023213885398	298;299;300;301;302;316;
A	322	ALA	0.026043970900928283	0.9794593807975488	A	321	True	0.06889995468934987	0.08789497507914243	11.387989393163979	296;297;298;299;300;301;302;303;314;315;316;317;
K	323	LYS	0.9471591500708633	1.0861392626489028	A	322	True	1.0	0.626897195133659	154.09333663487783	299;300;301;302;303;304;316;318;
A	324	ALA	0.256895924187883	0.6449054984043122	A	323	True	0.3517269973765528	0.243449848557104	31.542238798513203	283;301;302;303;304;305;314;316;
N	325	ASN	0.5203195556728452	0.4573228412583377	A	324	True	0.8671126993910233	0.5269119846650627	93.40937590546831	302;303;304;305;306;
C	326	CYS	0.8827281676494152	0.6486905146683984	A	325	True	0.8897441354605718	0.5393592745033144	83.70472995206543	303;304;305;306;307;308;312;313;314;
G	327	GLY	0.4163026075027157	0.40554729051094185	A	326	True	0.39205900968347007	0.2656324553259085	26.593022930832888	287;304;305;306;307;308;309;371;
P	328	PRO	1.0602510495457804	0.600506750969114	A	327	True	1.0	0.6321611458958448	104.50831169446975	305;306;307;308;309;347;348;369;371;
G	329	GLY	0.26879724165667457	-0.05240933672953399	A	328	True	0.41761560447907975	0.2796885824634938	28.00021133644354	287;288;289;305;306;307;308;309;310;311;347;
P	330	PRO	0.9409891673741996	0.8848511580828875	A	329	True	0.8503071233688374	0.5176689178528605	85.58055959740884	307;308;309;310;347;
G	331	GLY	0.3679161121515783	0.3215600613217794	A	330	True	1.0	0.6275068450551754	62.821028022848225	308;309;310;311;346;347;348;
Y	332	TYR	-0.11806887723408928	-0.2306349598399811	A	331	True	0.9621266446546503	0.5791696545600576	142.52965571661372	309;310;311;
K	333	LYS	0.10079608222485295	0.1019782098806834	A	332	True	1.0	0.7514894764621185	184.7185180807134	345;
I	334	ILE	0.09284742093087806	0.05714111670741029	A	333	True	1.0	0.7239510171485588	147.49387089835477	
L	335	LEU	-0.5703767682003136	-0.645436114929416	A	334	True	1.0	0.7703282990242382	160.1533332535465	
E	336	GLU	0.15358728312831155	0.06507242026481536	A	335	True	0.977400744718726	0.5875704095952993	115.32808496720149	
N	337	ASN	0.11859451698326355	0.19801874591629406	A	336	True	1.0	0.8374337459090018	148.4577421735101	
F	338	PHE	0.8442616398742225	0.9182352211398732	A	337	True	1.0	0.6431405694957467	147.78026123222014	341;
N	339	ASN	1.6506650772122178	1.7922649275654543	A	338	True	1.0	0.8578373301046293	152.07482836895835	
D	340	ASP	0.9333158677544957	0.9459786797183912	A	339	True	1.0	0.663831157871572	110.9653525186541	
N	341	ASN	0.503637489651688	0.5826869307591629	A	340	True	1.0	0.9419974173869252	166.99447616210193	
E	342	GLU	1.0842449087304646	1.013007077775255	A	341	True	1.0	0.6918116912775161	135.78852203927434	337;
L	343	LEU	0.26318185273804073	0.31909507583781527	A	342	True	1.0	0.8023008091289292	166.80050443008903	
T	344	THR	0.015291762874064578	-0.07285100218564165	A	343	True	0.8211305626843676	0.5016218094764021	81.69442886441254	
T	345	THR	-0.03538634610785184	-0.11273054145748447	A	344	True	1.0	0.710143209630536	115.65434920635488	
Y	346	TYR	-0.4956192302600569	-0.5540881604278716	A	345	True	1.0	0.7974642520316912	196.2504499216602	332;
G	347	GLY	-0.00664234724761724	-0.030627435651002278	A	346	True	0.968061961505126	0.5824340788278193	58.308698743018525	330;
P	348	PRO	0.33364118623065664	0.23023501419641024	A	347	True	1.0	0.8332457527914777	137.75143793030958	327;328;329;330;
G	349	GLY	0.6388831538222945	0.5868386079626046	A	348	True	1.0	0.6050657478639426	60.57440265672981	327;330;
P	350	PRO	0.7393369059551602	0.7243462104959626	A	349	True	1.0	0.77692359401035	128.44030933055646	
G	351	GLY	0.08124042282487395	0.07796687454481376	A	350	True	1.0	0.6624609475046659	66.32035662268186	354;
N	352	ASN	0.37885889433989844	0.423863784567216	A	351	True	0.8752518879938593	0.5313885383966226	94.20296592133805	355;
L	353	LEU	0.681070854370754	0.8060989891071613	A	352	True	1.0	0.7799424097936176	162.15213284059956	356;
V	354	VAL	0.08985590836709519	0.17795216413312623	A	353	True	1.0	0.8003714979620399	142.83365722910727	357;
R	355	ARG	0.5905743028135142	0.5316206372392737	A	354	True	1.0	0.6822435550864215	186.26122325609822	350;358;
K	356	LYS	0.7506534111902228	0.7678296791868765	A	355	True	1.0	0.7205117354999947	177.1040902234523	351;
Y	357	TYR	0.43260808728987077	0.5538747212393293	A	356	True	1.0	0.8940764562037791	220.0260467442022	352;
E	358	GLU	1.3795921962001674	1.5001760739467975	A	357	True	1.0	0.7027115402617374	137.9279400379577	353;
K	359	LYS	1.4236750405536684	1.3691835106001484	A	358	True	1.0	0.8490240322267915	208.69282399824846	354;
V	360	VAL	0.7226086385615093	0.7473888690498625	A	359	True	0.9964669796927544	0.5980568388310149	106.72874501231186	
D	361	ASP	0.7900235550123038	0.7288872434889301	A	360	True	1.0	0.883904108265827	147.75252683360736	
K	362	LYS	-0.2862996004428869	-0.34485412741754917	A	361	True	1.0	0.6790690111922653	166.91733597189463	
T	363	THR	-0.2616108305196532	-0.283743542728306	A	362	True	1.0	0.8923881775637754	145.334874030943	
I	364	ILE	0.36613182570048125	0.4057372378001818	A	363	True	1.0	0.7040350949721357	143.43630846011007	
V	365	VAL	0.14128086450025068	0.16328693712615883	A	364	True	1.0	0.8094638250815454	144.45626665299253	
D	366	ASP	0.04347152795063536	-0.10933683508348399	A	365	True	1.0	0.8288271440103147	138.5459165656202	
G	367	GLY	0.18513940491003741	0.2595300589713821	A	366	True	0.9257136956043067	0.5591425325823687	55.97693313613935	370;
P	368	PRO	0.7812010821315128	0.8387984153602988	A	367	True	1.0	0.8857615990647882	146.43331037195162	
G	369	GLY	0.9632420932041893	1.0341751644383046	A	368	True	0.9669218592154954	0.5818070225685225	58.24592282408218	
P	370	PRO	0.5877791991696201	0.5592125285913182	A	369	True	1.0	0.8539800239918007	141.1792089843029	327;
G	371	GLY	0.2818731144741298	0.2639184649723504	A	370	True	1.0	0.6479345916423285	64.86609263195595	366;385;
L	372	LEU	-0.39212766069213206	-0.40973031578635194	A	371	True	1.0	0.7670131139996522	159.4640973359355	326;327;
Q	373	GLN	-1.0427917890629206	-1.0630455163821293	A	372	True	1.0	0.7231867194573595	150.7032171382644	383;385;
T	374	THR	-0.7379028267009815	-0.7966176037748468	A	373	True	1.0	0.6967164092480395	113.46765243998125	
I	375	ILE	-0.7314522087983331	-0.8016233501914143	A	374	True	1.0	0.7159897250262874	145.87188023234066	
V	376	VAL	-0.775827028048555	-0.7793294995479627	A	375	True	1.0	0.6186814135116406	110.4093901101566	379;380;381;
K	377	LYS	-0.5192323243936035	-0.5864523590648003	A	376	True	1.0	0.7887736019895066	193.8830754445471	380;
S	378	SER	-0.13506480967836273	0.04463138692025459	A	377	True	0.8947670837567825	0.5421218960662303	73.4730216032017	381;
L	379	LEU	-0.09559583689188887	0.06605825448312959	A	378	True	1.0	0.8747380325706228	181.86039876412042	
N	380	ASN	0.0006764975465067685	0.14622125167122885	A	379	True	1.0	0.632804586948208	112.18169876041745	375;
K	381	LYS	-0.8262320986738767	-0.8869759136743519	A	380	True	1.0	0.8612346517903529	211.69423336095446	375;376;
I	382	ILE	-0.7237241200275484	-0.7703739360022207	A	381	True	1.0	0.713552247033039	145.3752816283774	375;377;
Y	383	TYR	-0.18039625859327274	-0.24716092067694462	A	382	True	1.0	0.7830215960597144	192.6962119412829	
V	384	VAL	-0.32549565842905837	-0.3673014455777241	A	383	True	1.0	0.6429975108474005	114.74882138781842	372;
P	385	PRO	-0.5624264247465353	-0.6337293581850064	A	384	True	0.9203403895957316	0.5561872142776524	91.94836969588864	
P	386	PRO	-0.10047940483367122	-0.07353462956882316	A	385	True	1.0	0.7787276221538026	128.7385496396067	370;372;
G	387	GLY	0.5694389739665441	0.5916447584184988	A	386	True	0.9925470811046736	0.5959008946075705	59.65688995104256	
P	388	PRO	1.2950737474401488	1.2890522413979926	A	387	True	1.0	0.7571605319379523	125.17309769550351	392;
G	389	GLY	1.3746253153848849	1.579682030407031	A	388	True	0.8756006707295234	0.5315803689012378	53.217627049477606	392;393;
P	390	PRO	1.5127300478310899	1.4778187651047363	A	389	True	1.0	0.7118180513103766	117.67711960638528	393;394;
G	391	GLY	0.6715707196119878	0.9085060581967651	A	390	True	0.7507879759932053	0.4629333867962629	46.34523351228615	394;395;
D	392	ASP	0.2962967251557055	0.35061371964834487	A	391	True	1.0	0.6988687139856109	116.82219536112072	395;396;
S	393	SER	0.15828911580969757	0.24109225050426494	A	392	True	0.5095784584636318	0.33026815215499744	44.76078028615379	387;388;396;397;
Y	394	TYR	0.6171602873423507	0.4012528083777641	A	393	True	0.8011402388654235	0.49062713137598285	120.73995170442288	388;389;397;398;
L	395	LEU	0.13972842159308674	-0.05284614664030048	A	394	True	0.9891503974753822	0.5940327186114602	123.50100608766284	389;390;398;399;
Q	396	GLN	-0.5140615904103986	-0.5223374050664179	A	395	True	0.9570431662941463	0.5763737414617804	120.10919832361506	390;391;399;400;
K	397	LYS	-0.4684843498625385	-0.5568752077186532	A	396	True	0.8435672977338091	0.513962013753595	126.33350765907767	391;392;400;401;
L	398	LEU	-0.07386626339471056	-0.13883975967864387	A	397	True	0.8441859064531293	0.514302248549221	106.92482608945414	392;393;401;402;
A	399	ALA	0.1809487477643486	0.2690098252324684	A	398	True	1.0	0.6973129182877899	90.3463720198719	393;394;402;
Q	400	GLN	-0.326743081991954	-0.2516413543149143	A	399	True	1.0	0.7147393873228539	148.94289702361868	394;395;
H	401	HIS	-0.5827071433911464	-0.5126196589871324	A	400	True	1.0	0.630992242323831	133.86563520124307	395;396;
S	402	SER	-0.2850077250220563	-0.33053007913820875	A	401	True	1.0	0.7557708901339625	102.42857066060975	396;397;
I	403	ILE	0.06326887079898817	-0.036856961342129936	A	402	True	1.0	0.6679318893683133	136.08083630769755	397;398;
P	404	PRO	0.4129522539328484	0.4250507234248288	A	403	True	1.0	0.621122073476529	102.68334217727364	
T	405	THR	0.8714371052636668	0.9823432941857503	A	404	True	1.0	0.6957030996449092	113.3026242300297	485;
N	406	ASN	0.4234255327492048	0.6112785628363318	A	405	True	1.0	0.6039508528210047	107.06659533554924	485;486;
K	407	LYS	0.9221951651301129	0.9301798882810203	A	406	True	1.0	0.6800252849771689	167.15239112830002	
K	408	LYS	0.14061256046733273	0.16341063554272398	A	407	True	1.0	0.7964499675966336	195.76995067514883	486;
L	409	LEU	-0.2969338175623828	-0.2685514194398885	A	408	True	0.9139670448069441	0.5526818746438192	114.90405397951156	412;413;
T	410	THR	-0.36392646958070884	-0.38076524188966093	A	409	True	0.8235572364138672	0.5029564800276269	81.91179411118733	413;414;415;
V	411	VAL	-1.3179483391288864	-1.3355806476254855	A	410	True	1.0	0.6452867160006064	115.15735110809541	414;415;
W	412	TRP	-1.113648677480807	-1.352177180882276	A	411	True	0.8890092580946899	0.5389550919520794	145.34853513717007	415;416;
G	413	GLY	-0.3056816809802558	-0.988649921961358	A	412	True	0.32539693108516743	0.22896831209684207	22.922498557470263	408;416;417;
I	414	ILE	-0.6587848987470769	-1.1719780490682512	A	413	True	0.5564955977578927	0.35607257876684095	72.54430440603083	408;409;417;418;
K	415	LYS	-0.7139919254876643	-0.5826057785232746	A	414	True	0.9604328486281885	0.5782380667455036	142.13276716785836	409;410;418;419;
Q	416	GLN	-0.23678214596592975	-0.05897895118565545	A	415	True	0.5986855931548352	0.37927707623515927	79.0366775793695	409;410;411;419;420;
L	417	LEU	0.14273352677498455	0.35727056640192584	A	416	True	0.6295413552861998	0.3962477454074098	82.3809761391131	411;412;420;421;473;
Q	418	GLN	0.18723682933096902	0.26415009442233184	A	417	True	0.9131822025359413	0.5522502113947677	115.08215137706944	412;413;421;422;
A	419	ALA	-0.42229163427488015	-0.532426698154855	A	418	True	0.7608612081718309	0.46847366449450695	60.697134477100505	413;414;422;423;424;
R	420	ARG	-0.45126029153385255	-0.6319841282098005	A	419	True	0.8897482948231124	0.5393615621527117	147.25261029568586	414;415;423;424;466;469;470;
V	421	VAL	-0.22805047012002205	-0.8366499817225798	A	420	True	0.5123767680434012	0.33180722242387056	59.214051467986	415;416;424;425;466;467;469;470;473;
L	422	LEU	0.1282119491768271	-0.3846506750193787	A	421	True	0.7640714691355637	0.47023930802456	97.76402178443769	416;417;425;426;
A	423	ALA	0.13042707924867253	0.16690606173877012	A	422	True	0.6821153700330606	0.42516345351818324	55.08570762624849	417;418;426;427;463;466;
V	424	VAL	-0.019410933789572225	-0.8137817052818574	A	423	True	0.044758202736352455	0.07461701150499385	13.316092179572	418;419;427;428;462;463;464;465;466;467;468;469;470;
K	425	LYS	0.21551892426428854	-0.3512149044671544	A	424	True	0.9028302393949023	0.5465566316671961	134.34536904501815	418;419;420;428;429;463;466;467;
K	426	LYS	0.4620020709217547	-0.11981886848578001	A	425	True	0.7980548672880073	0.48893017700840397	120.18060208523212	420;421;429;430;431;463;
C	427	CYS	0.13539595708236157	0.39115722843626605	A	426	True	0.18353155817283906	0.15094235699506148	23.425182114898877	421;422;430;431;459;460;462;463;464;466;467;
A	428	ALA	0.4136487129934012	0.952149100928625	A	427	True	0.34675291107005757	0.24071410108853167	31.187785507794082	422;423;431;432;459;460;462;463;464;466;467;
A	429	ALA	0.5293971827540417	0.5249030735396982	A	428	True	0.7284281898783498	0.4506355044330923	58.385958242167405	423;424;432;433;463;
E	430	GLU	0.2160638391502445	0.0067748374814627565	A	429	True	0.8213989229590318	0.5017694076274675	98.48709862135627	424;425;433;459;460;463;
S	431	SER	0.3831187017333309	0.16653216748942637	A	430	True	0.5074136529191948	0.3290775091055571	44.59941410056341	425;426;434;435;456;459;460;462;463;
S	432	SER	0.6446139183252093	0.4472022215116006	A	431	True	1.0	0.6493654118989117	88.00758516308285	425;426;427;435;
T	433	THR	0.8446418163804534	0.6872462430375985	A	432	True	1.0	0.7039790857801588	114.65045629760813	427;428;
L	434	LEU	0.23500576715549423	0.5928252317550237	A	433	True	0.34163521593663665	0.23789936876515014	49.45992109457038	428;429;456;459;460;
P	435	PRO	0.5389625444322171	0.6241604773816531	A	434	True	0.7195655914364472	0.4457610752900459	73.69281978198262	430;438;439;456;
N	436	ASN	1.032749681428269	0.9739236512930373	A	435	True	0.917362442821268	0.5545493435516974	98.30884397681425	430;431;439;440;456;
K	437	LYS	0.7843983658226554	0.5513742021760172	A	436	True	0.9506362235255942	0.5728499229390768	140.8083441781785	440;441;452;453;456;457;
S	438	SER	0.7166722000489169	0.559300904627022	A	437	True	0.9796477831319116	0.5888062807225514	79.80009089753437	441;442;
D	439	ASP	0.2142234245370542	0.21371869902198057	A	438	True	0.6677068194706585	0.4172387507088621	69.74521232974269	434;442;
V	440	VAL	0.0	0.4734601388710057	A	439	True	0.0	0.044088874932322185	7.868065349322271	434;435;443;444;449;452;453;
L	441	LEU	0.6812945417850145	0.5147037625613906	A	440	True	0.9051019834027437	0.547806090871509	113.89036536863208	435;436;444;445;446;449;
T	442	THR	0.6308105621689633	0.4242053933347362	A	441	True	1.0	0.6537466140135263	106.4695658062113	436;437;
K	443	LYS	0.30988058957882114	0.10664444813056015	A	442	True	0.9298605390740874	0.5614232964907481	137.99964283197465	437;438;449;
K	444	LYS	0.2069549010405494	0.23295798662373646	A	443	True	1.0	0.8596047441068703	211.29359683664987	439;448;449;
A	445	ALA	0.24574611401251656	0.7814381871807534	A	444	True	0.3878871897431135	0.2633379543587124	34.11901338335047	439;440;448;449;452;
S	446	SER	0.30922940135521626	0.4985020036343699	A	445	True	0.8371742809015529	0.510445854495854	69.1800120356268	440;449;450;
I	447	ILE	0.242681193460858	0.5577826807445835	A	446	True	1.0	0.6575463229962435	133.96493709711046	440;450;451;452;
R	448	ARG	-0.17670300738364586	0.1383571669259804	A	447	True	1.0	0.7456504095659406	203.57210613674425	451;452;
Y	449	TYR	0.3526494064537192	0.7391623480047906	A	448	True	0.8687320295769073	0.527802616267299	129.88858202533004	443;444;452;453;
R	450	ARG	0.018169631601218823	0.3304457800130997	A	449	True	0.31461535425627296	0.22303844484095012	60.89235033367335	439;440;442;443;444;445;453;454;455;
Q	451	GLN	0.27698482217446796	0.3035693045151615	A	450	True	0.9350098393042876	0.5642554116173581	117.58388743949453	445;446;454;455;456;
R	452	ARG	0.1698287963189508	0.17235164802982467	A	451	True	1.0	0.6694892862359205	182.77914460527015	446;447;455;456;
L	453	LEU	0.10132775743812425	0.24954199910006672	A	452	True	0.3481494950425015	0.2414822222733758	50.20480601263497	436;439;444;446;447;448;456;457;
I	454	ILE	0.016137091761123462	-0.6351736216980258	A	453	True	0.48378210577005204	0.3160801581735286	64.39646459342057	436;439;448;449;457;458;
S	455	SER	0.09536288207401337	-0.6029890588359343	A	454	True	0.5957829056749718	0.37768059812123445	51.18652271053354	449;450;458;459;460;
L	456	LEU	0.06812926310353644	-0.6492649897374686	A	455	True	0.8862870629685822	0.5374578846327202	111.73894535143103	449;450;451;459;460;
L	457	LEU	0.14764591138561006	0.20094089910979798	A	456	True	0.19146964189135018	0.1553083030402426	32.28901553448465	430;433;434;435;436;450;451;452;460;461;
S	458	SER	0.9088929752707545	1.1864722768432654	A	457	True	0.6031204896010852	0.3817162692805968	51.733471572822296	436;452;453;461;462;
K	459	LYS	1.807123464863194	1.6218927161347947	A	458	True	0.9949030507213515	0.5971966778967434	146.7928544563888	453;454;462;463;464;
K	460	LYS	1.2790343070500827	1.9235143816430407	A	459	True	0.653343831046694	0.40933910707568166	100.6168624043452	426;427;429;430;433;454;455;463;464;
K	461	LYS	1.8211986380504033	1.7818398416014316	A	460	True	0.9237887459814926	0.5580838102898209	137.17878643743092	426;427;429;430;433;454;455;456;464;465;
K	462	LYS	1.6116762784115795	1.3927858526309806	A	461	True	0.9520454062495476	0.5736249734372512	140.99885407079134	456;457;465;466;467;
A	463	ALA	0.721952642377977	0.6984123417636827	A	462	True	0.6613714486683534	0.41375429676759434	53.60749620467789	423;426;427;430;457;458;466;467;
C	464	CYS	0.032172206028714324	0.5560296119685374	A	463	True	0.03475222220277476	0.06911372221152612	10.725958979801153	422;423;424;425;426;427;428;429;430;458;459;467;468;
M	465	MET	0.16433017073228706	-0.4677256046190012	A	464	True	0.8988000481841358	0.5443400265012747	117.54478532268524	423;426;427;458;459;460;468;469;470;
T	466	THR	0.07520700502475032	-0.30282475971190986	A	465	True	0.8811217510076588	0.5346169630542122	87.06803937318685	423;460;461;469;470;
D	467	ASP	-0.08793080397056656	-0.311135301605568	A	466	True	0.41668926718207183	0.2791790969501395	46.66729866708837	419;420;422;423;424;426;427;461;462;470;471;
Y	468	TYR	-0.08634043611515174	-0.13478143834081377	A	467	True	0.6495174419932656	0.407234593096296	100.21762344230608	420;423;424;426;427;461;462;463;471;472;473;
D	469	ASP	-0.33644233445202343	-0.3276690523421214	A	468	True	0.8601059475417222	0.5230582711479471	87.43389754681968	423;463;464;472;473;
T	470	THR	-0.0461207332536959	0.2962813244180602	A	469	True	0.7359925065252793	0.4547958785889035	74.06832966451599	419;420;423;464;465;473;474;
L	471	LEU	-0.2984359168296294	-0.7396908497664016	A	470	True	0.34661611859584074	0.24063886522771238	50.029469805777524	419;420;423;464;465;466;474;475;476;
I	472	ILE	-0.14483858607551361	-0.29686770943669427	A	471	True	0.8468038905027241	0.5157421397764982	105.07451855050894	466;467;475;476;477;
D	473	ASP	-0.4967537107716247	-0.7385310898894161	A	472	True	0.9106406146105032	0.5508523380357767	92.0799259737224	467;468;476;477;
V	474	VAL	-0.3998563177161868	-0.9592633441869896	A	473	True	0.521993401418671	0.337096370780269	60.157948652350186	416;420;467;468;469;477;478;
Q	475	GLN	-0.42427945755044194	-0.7245617472252099	A	474	True	0.8240717764320848	0.5032394770376466	104.86891716907797	469;470;478;479;480;
S	476	SER	0.09597439659795542	0.12918820226030245	A	475	True	0.5792705862796659	0.3685988224538162	49.95568236881428	470;471;479;480;
L	477	LEU	0.19808791083494823	0.22029507557550854	A	476	True	0.8904901901901706	0.5397696046045938	112.21955817522749	470;471;472;480;481;
H	478	HIS	0.420058070399522	0.7431791278533265	A	477	True	0.5426545691749428	0.3484600130462185	73.9261402277683	471;472;473;481;482;486;488;
K	479	LYS	1.1893378838634387	1.1910110841047297	A	478	True	1.0	0.6119745694244485	150.4253074831516	473;474;482;483;484;
K	480	LYS	0.31083738155497403	0.5315547046037935	A	479	True	0.8876707935428765	0.538218936448582	132.2959368796581	474;475;483;484;485;
A	481	ALA	0.23789115859172094	1.0491925748334296	A	480	True	0.2698156453049462	0.1983986049177204	25.70523748811756	474;475;476;484;485;486;487;488;
E	482	GLU	0.8267761194329557	1.2539765161234084	A	481	True	0.6805469816784201	0.424300839923131	83.28159913977618	476;477;485;486;487;488;489;
V	483	VAL	0.5907956394302469	0.31947328541828374	A	482	True	1.0	0.6673057899302193	119.08685742631499	477;478;486;
N	484	ASN	-0.2976185542257823	-0.5009597428278474	A	483	True	0.8874602021523899	0.5381031111838144	95.39330524133305	478;479;487;
N	485	ASN	0.00851066399315157	0.06699602260684823	A	484	True	1.0	0.6920185343859723	122.678969720342	478;479;480;488;
I	486	ILE	-0.38925383778612505	-0.9074321400301918	A	485	True	0.6820092626653971	0.42510509446596834	86.60861637898627	404;405;479;480;481;
I	487	ILE	0.053753733483325995	-0.3428308146446059	A	486	True	0.8095861851916419	0.495272401855403	100.90412468304979	405;407;477;480;481;482;490;
D	488	ASP	0.1820376898814854	-0.17709511167546899	A	487	True	0.7960155866266432	0.48780857264465366	81.54159319470766	480;481;483;491;
I	489	ILE	-0.09766528341382151	-0.7513345915943098	A	488	True	0.3211794997703939	0.22664872487371665	46.176187302656714	477;480;481;484;492;
Q	490	GLN	0.22554141185817272	-0.0911876583822512	A	489	True	1.0	0.7816799494062712	162.8924867928892	481;493;
K	491	LYS	0.1825954282539013	-0.0722378853353178	A	490	True	1.0	0.685466016562599	168.48974036233983	486;
L	492	LEU	-0.13149050485350372	-0.37451314188178103	A	491	True	0.9145974029468873	0.553028571620788	114.9761332171052	487;
N	493	ASN	0.5407461483678317	0.5470290528399612	A	492	True	1.0	0.8395972509867766	148.8412818631828	488;
I	494	ILE	0.6349467102413643	0.6194828171423408	A	493	True	1.0	0.7043851046816259	143.50761754826917	489;
G	495	GLY	0.12355091730325361	0.1773440022453126	A	494	True	1.0	0.6530683160544286	65.38004056367257	
E	496	GLU	0.793765993109928	0.7883466833827463	A	495	True	1.0	0.9822595146684695	242.98345154959287	
