res1letter	pdb_id	resname	Structurally_corrected_score	intrinsic_score	chain	overall_id	ok	exposure_weight	solvent_exposure	SASA	contacts
G	1	GLY	-0.89323074948449	-1.002981635660956	A	0	True	0.8915689067024971	0.5403628986863733	82.54691712912776	4;5;6;33;34;
I	2	ILE	-1.0101082855970478	-1.001684995226895	A	1	True	1.0	0.7095407793558617	144.55800686575475	5;6;
I	3	ILE	-0.9318401033338977	-1.203061039003982	A	2	True	0.9124892121140141	0.5518690666627077	112.4348235489001	6;7;32;33;34;
N	4	ASN	-0.24209089127056385	-0.9779772840141157	A	3	True	0.32651167422008703	0.22958142082104782	40.69950553889289	7;8;31;32;33;34;35;37;
T	5	THR	-0.670383580135189	-0.6201414604561704	A	4	True	0.8947039101416617	0.5420871505779139	88.2846385954094	0;8;9;32;33;
L	6	LEU	-0.7031841868757054	-0.5748872141230953	A	5	True	0.9209609861465947	0.5565285423806271	115.7037865879968	0;1;9;10;32;33;
Q	7	GLN	-0.2760414477751925	-0.5441239707082635	A	6	True	0.4283253902564014	0.2855789646410207	59.51114360992363	0;1;2;10;11;17;30;31;32;33;34;39;
K	8	LYS	-0.6661072737590479	-1.195757387980097	A	7	True	0.5385392501438159	0.34619658757909866	85.09622905602271	2;3;11;12;15;16;17;30;31;32;33;37;38;39;
Y	9	TYR	-0.35521299018462327	-0.48396609732195456	A	8	True	0.990884229021381	0.5949863259617595	146.42202941353986	3;4;12;13;14;15;16;32;
Y	10	TYR	-0.39434591331030483	-0.6672050832718609	A	9	True	0.9500058893137854	0.5725032391225819	140.88909687571746	4;5;13;14;15;30;31;32;39;
C	11	CYS	0.0	-0.16409951136104117	A	10	True	0.0	0.025861016024985778	4.013446073864015	5;6;14;15;16;17;29;30;31;32;38;39;40;41;
R	12	ARG	-0.22814528349386864	-0.4782146167126622	A	11	True	1.0	0.7225572399516356	197.26737523946792	6;7;15;16;17;32;39;41;
V	13	VAL	0.007717471189533006	0.10546523838775564	A	12	True	0.8763319510177076	0.5319825730597391	94.9371844021826	7;8;16;
R	14	ARG	0.5790914259178983	1.0831007604323033	A	13	True	0.49794624556102934	0.3238704350585661	88.42077431255731	8;9;29;39;40;41;
G	15	GLY	1.3505334120163153	1.0776511524972379	A	14	True	1.0	0.6078377290869349	60.85191151812413	8;9;10;39;40;41;42;
G	16	GLY	0.10877848308801721	0.4577723436456964	A	15	True	0.16036962991513984	0.1382032964533269	13.835822234865107	7;8;9;10;11;26;27;28;29;30;32;38;39;40;41;42;
R	17	ARG	0.4203833629503593	0.4098405647622753	A	16	True	0.7604099403588069	0.46822546719734376	127.83154583085499	7;8;10;11;12;22;28;29;31;32;37;38;39;40;41;42;
C	18	CYS	-0.08798643459902537	-0.48280175848682205	A	17	True	0.4048627551389647	0.27267451532643056	42.31714878960321	6;7;10;11;21;22;28;30;31;32;33;37;38;39;40;41;
A	19	ALA	-0.004993150066613127	-0.556546877720698	A	18	True	0.019081207636902266	0.06049466420029625	7.837906474581503	22;23;28;31;32;36;37;38;39;40;41;
V	20	VAL	-0.7657228767380995	-1.185141875116565	A	19	True	1.0	0.7424069870324369	132.48935698021907	36;37;38;39;
L	21	LEU	-1.6737150872919966	-2.0639124690764046	A	20	True	1.0	0.8069678648084468	167.7707979069111	36;37;38;
S	22	SER	-0.8508694933201354	-1.400015751515896	A	21	True	0.9182533230383024	0.5550393276710663	75.22370302420089	17;26;28;36;37;38;39;40;
C	23	CYS	-0.0070837787582432345	-0.8898264931739275	A	22	True	0.2810881271257811	0.20459846991917957	31.752229882320247	16;17;18;26;27;28;37;38;39;40;41;42;
L	24	LEU	0.35832561090659826	0.13362985905899116	A	23	True	0.6125696980569587	0.38691333393132726	80.44032679032456	18;27;28;40;41;42;43;
P	25	PRO	1.2514905322744652	1.0381278280306219	A	24	True	1.0	0.7308084269734725	120.81659141967019	42;43;
K	26	LYS	1.9683655308702288	1.0227875078769142	A	25	True	1.0	0.6839900448494334	168.12694179213423	40;41;42;43;44;45;
E	27	GLU	0.3760272431123164	1.0283934306775415	A	26	True	0.16853135524028037	0.1426922453821542	28.00757684671107	15;21;22;39;40;41;42;43;44;
E	28	GLU	1.5587984104049375	1.4758042305025698	A	27	True	0.6439452154034622	0.4041698684719041	79.33030011571795	15;22;23;38;39;40;41;42;43;44;
Q	29	GLN	1.48545082260209	1.6673000340026995	A	28	True	0.6754354317845298	0.42148948748149134	87.83322487044677	15;16;17;18;21;22;23;38;39;40;41;42;43;
I	30	ILE	0.2620336145123658	0.7374708227380941	A	29	True	0.24306033888143688	0.18368318638479025	37.42262050483069	10;13;15;16;38;39;40;41;42;
G	31	GLY	0.2748578610527753	0.3146398552525596	A	30	True	0.4363570633469683	0.2899963848408325	29.032147078823908	6;7;9;10;15;17;37;38;39;40;41;
K	32	LYS	0.736686918783015	-0.2649640350262617	A	31	True	0.885280755707171	0.536904415638944	131.9728234581825	3;6;7;9;10;16;17;18;35;36;37;38;39;40;
C	33	CYS	0.0	0.295486274928547	A	32	True	0.0	0.0	0.0	2;3;4;5;6;7;8;9;10;11;15;16;17;18;36;37;38;39;40;
S	34	SER	0.0	0.9459710986507083	A	33	True	0.0	0.04601205767691303	6.235949760071276	0;2;3;4;5;6;7;17;37;38;39;
T	35	THR	1.4051573711332663	1.3727482679310314	A	34	True	1.0	0.6152853791312797	100.20574601654769	0;2;3;6;38;
R	36	ARG	1.6870391716043005	1.4095331214927254	A	35	True	1.0	0.8120347584501003	221.69588310178557	3;31;
G	37	GLY	1.0662522580483054	1.4520152924410799	A	36	True	0.7263893491411074	0.44951414202760903	45.0018047380822	18;19;20;21;31;32;
R	38	ARG	0.293322082561142	0.9255281464865922	A	37	True	0.5910563504994968	0.3750809927747232	102.40191206420695	3;7;16;17;18;19;20;21;22;30;31;32;33;
K	39	LYS	0.8123713441525531	1.6225807247748958	A	38	True	0.5230952598872541	0.33770239293798976	83.00832883181529	7;10;15;16;17;18;19;20;21;22;27;28;29;30;31;32;33;34;
C	40	CYS	0.0	1.6675399902391899	A	39	True	0.0	0.018274488132850226	2.836070809352612	6;7;9;10;11;13;14;15;16;17;18;19;21;22;26;27;28;29;30;31;32;33;
C	41	CYS	0.0	2.012990341217439	A	40	True	0.0	0.007444070339209812	1.1552668637459544	10;13;14;15;16;17;18;21;22;23;25;26;27;28;29;30;31;32;
R	42	ARG	1.1525357030418084	1.9255946413513187	A	41	True	0.41293780142956144	0.27711579078625875	75.6561579667707	10;11;13;14;15;16;17;18;22;23;25;26;27;28;29;30;
R	43	ARG	2.7892579044029113	1.9195694700125647	A	42	True	1.0	0.6985112058882789	190.70250015093552	14;15;16;22;23;24;25;26;27;28;29;
K	44	LYS	1.872579390610116	2.2613048004089196	A	43	True	0.6427540822742791	0.40351474525085346	99.18521562984458	23;24;25;26;27;28;
K	45	LYS	2.53488610244348	2.601306164644117	A	44	True	1.0	0.7366961919992702	181.082281421235	25;26;27;48;
E	46	GLU	1.7236686536573806	1.9513306574239162	A	45	True	1.0	0.768437551552932	150.82861524378887	25;49;
A	47	ALA	1.4596605412736459	1.8251684283833483	A	46	True	0.9037278821363856	0.547050335175012	70.8778108064812	50;51;
A	48	ALA	1.0591975831360625	1.4064683770744095	A	47	True	0.8029944912230755	0.4916469701726915	63.699551384666535	51;52;
A	49	ALA	0.581976073224338	0.6782290707566648	A	48	True	0.9233398976668497	0.5578369437167673	72.27536264094175	44;52;53;
K	50	LYS	-0.4584236438865918	-0.3641770545231883	A	49	True	1.0	0.6296602757511341	154.7725106925112	45;53;54;
S	51	SER	-0.6196320780222262	-0.7539355583889961	A	50	True	0.7756205343000128	0.476591293865007	64.59175082971299	46;54;55;56;
M	52	MET	-0.3395886543302794	-0.6049777585861807	A	51	True	0.6207450941468873	0.39140980178078794	84.52103259654335	46;47;55;56;
V	53	VAL	-0.6469494985918702	-0.8912414380956046	A	52	True	0.7137870981731383	0.44258290399522604	78.98299098066485	47;48;56;57;80;
I	54	ILE	-1.8044199489496286	-1.7031762166716133	A	53	True	0.9589986142725655	0.577449237849911	117.64638949365647	48;49;57;58;
S	55	SER	-1.619021034713557	-1.7197727499284052	A	54	True	0.8143259619186919	0.49787927905528045	67.47688165937149	49;50;58;59;
L	56	LEU	-1.048996761876766	-1.7321582225081011	A	55	True	0.5723174864607021	0.36477461755338614	75.83762788081637	50;51;59;
L	57	LEU	-1.2957849638490109	-1.2505177939206713	A	56	True	0.9778626054473002	0.5878244329960151	122.21028674584062	50;51;52;60;
S	58	SER	-1.0810523842754192	-0.8496123647331363	A	57	True	1.0	0.6229250742730408	84.42416322112125	52;53;61;
M	59	MET	-1.5800803200407778	-1.3649967085347448	A	58	True	1.0	0.6998633763394978	151.12849748675114	53;54;
A	60	ALA	-0.6747108380865516	-0.5530619299587348	A	59	True	0.990346979730711	0.594690838851891	77.05028596867086	54;55;84;
A	61	ALA	-0.15715572694095106	0.023780181636621045	A	60	True	0.9921755638750936	0.5956965601313015	77.1805908382279	56;
Y	62	TYR	-0.536698678131326	-0.5998821821089967	A	61	True	1.0	0.899957461210659	221.47332149746083	57;
K	63	LYS	-0.7167737228675891	-0.8980280312179989	A	62	True	1.0	0.6958595705194438	171.04450918430496	
P	64	PRO	-0.6621126523635773	-0.7460977179960575	A	63	True	1.0	0.8305624209643893	137.30783192765395	
V	65	VAL	-0.4548807680656818	-0.8355331052867191	A	64	True	0.554421055269781	0.3549315803983795	63.3408058926305	70;
V	66	VAL	-0.31995548412888575	-0.3860218097639755	A	65	True	0.8252207888724226	0.5038714338798324	89.92049299304779	69;70;86;87;88;89;92;
S	67	SER	-1.0546420391366615	-1.1979565883399843	A	66	True	0.8515458100168447	0.5183501955092645	70.25127630709692	70;71;88;90;91;92;93;94;
T	68	THR	-0.9753920668301154	-1.7600599875655014	A	67	True	0.569808537420269	0.36339469558114795	59.18267815916311	71;
Q	69	GLN	-1.2742064540229872	-1.2853554236227	A	68	True	1.0	0.8761638613323254	182.58177188616222	
L	70	LEU	-0.8150820418547272	-0.7967791303906407	A	69	True	1.0	0.6772781913866466	140.80796464040057	65;92;93;94;95;
L	71	LEU	-1.4853892357730585	-1.312163474192248	A	70	True	1.0	0.6808695924417685	141.55462661654326	64;65;66;94;95;
A	72	ALA	-0.6881676379532211	-0.6810797282071953	A	71	True	0.767827876420717	0.4723053320313943	61.193579117182765	66;67;94;95;96;97;
A	73	ALA	-0.5052724449637005	-0.4599620278075504	A	72	True	1.0	0.8474630446006706	109.80036292542344	95;96;97;
Y	74	TYR	-0.6667464163080135	-0.5738931092706424	A	73	True	0.766232409849041	0.4714278254169725	116.01513498312154	95;96;97;98;99;
K	75	LYS	-0.6460647973934524	-0.7785589627834205	A	74	True	0.633822567045373	0.3986024118749551	97.97774836658196	79;96;97;98;99;100;101;
P	76	PRO	-0.40149415019707174	-0.22700222602527165	A	75	True	0.46582226387667064	0.3062022451321688	50.62107958322953	79;97;98;99;100;101;102;
C	77	CYS	-0.6378598731940054	-0.4659534002802588	A	76	True	0.6737826027108749	0.4205804314909811	65.27109684633669	98;99;100;101;102;
V	78	VAL	-0.3291360539700288	-0.18685671323358108	A	77	True	0.9950646106547235	0.5972855358600979	106.5910989011644	100;101;102;
K	79	LYS	-0.5409267507449772	-0.4532846258408656	A	78	True	1.0	0.6866483296938575	168.78035671340518	100;101;102;103;104;
L	80	LEU	-0.31275762839728555	-1.0153880250663827	A	79	True	0.2673892287818533	0.19706407583001928	40.97015343806575	74;75;101;102;103;104;105;
T	81	THR	-0.7297018175673599	-0.6410789017854286	A	80	True	0.9430972844279952	0.5687035064353974	92.61939428017268	52;102;103;104;105;106;
P	82	PRO	-0.35652111379680385	-0.1962233267596925	A	81	True	0.7099876945368262	0.44049323199525436	72.82194466954665	102;103;104;105;106;107;129;
L	83	LEU	-1.3697487223343683	-1.127830627354299	A	82	True	1.0	0.600380548083632	124.8207369740669	103;104;105;106;107;108;
A	84	ALA	-0.6828951853418189	-0.7375684135063549	A	83	True	0.6936696490078984	0.43151830695434407	55.90906531490985	105;106;107;108;109;131;
A	85	ALA	-0.872950469149179	-0.9184194460973087	A	84	True	0.8592713527885255	0.522599244033689	67.70983941428327	59;106;107;108;109;110;
Y	86	TYR	-1.6742727304832508	-1.6885324231371444	A	85	True	1.0	0.6062619489538111	149.19688243008514	107;108;109;110;111;
S	87	SER	-0.2329000642882362	-0.8523957681593818	A	86	True	0.29603519732343675	0.21281935852789022	28.843109714183026	65;92;93;94;108;109;110;111;112;115;
L	88	LEU	-0.6403746610740638	-0.7257141531549024	A	87	True	0.9737988580034652	0.5855893719019059	121.74561150971037	65;92;109;110;111;112;113;
W	89	TRP	-0.22741717074634432	-0.5762609344488995	A	88	True	0.4630893617468852	0.3046991489607868	82.17303374680895	65;66;92;93;94;110;111;112;113;114;115;
D	90	ASP	0.016082363375407457	-0.4731849456870934	A	89	True	1.0	0.683430173416315	114.24150435809779	65;110;111;112;113;114;115;
Q	91	GLN	0.22054365446494145	-0.16991749882091572	A	90	True	1.0	0.6981540479526024	145.4867162985325	66;112;113;114;115;116;
S	92	SER	0.46741888556617933	0.33434574345742474	A	91	True	1.0	0.6640634022294515	89.99958321539445	66;112;113;114;115;116;117;
L	93	LEU	0.20862163473221548	0.8826196612286391	A	92	True	0.2992833140778806	0.21460582274283432	44.617129983956666	65;66;69;86;87;88;112;114;115;116;117;
K	94	LYS	0.2553244843489772	0.4032200247387652	A	93	True	0.6199035858995197	0.3909469722447358	96.09601680806725	66;69;86;88;115;116;117;118;119;
P	95	PRO	-0.1634974256271876	-0.0610299831538183	A	94	True	0.676053226342045	0.4218292744881247	69.73643601202973	66;69;70;71;86;88;115;116;117;118;119;120;
A	96	ALA	-0.5563809032754522	-0.3939777813382489	A	95	True	0.972851245103676	0.5850681848070218	75.80354026906306	69;70;71;72;73;117;118;119;120;121;
A	97	ALA	-0.5389231963064876	-0.5480053338197888	A	96	True	0.7874664040677615	0.48310652223726874	62.59302020454059	71;72;73;74;118;119;120;121;122;
Y	98	TYR	-1.4098429580279563	-1.5812024991653673	A	97	True	0.8530625886623169	0.5191844237642742	127.76770431586391	71;72;73;74;75;119;120;121;122;123;
M	99	MET	-0.2704501844982319	-1.689206943372821	A	98	True	0.14755035878794084	0.13115269733336746	28.321113462167368	73;74;75;76;102;103;120;121;122;123;125;
I	100	ILE	-0.9908688789430942	-1.5078715027523124	A	99	True	0.7162717105735035	0.44394944081542687	90.44786174475466	73;74;75;76;121;122;123;124;125;
V	101	VAL	-1.191541034376893	-1.7736991525052388	A	100	True	0.6748944123615913	0.4211919267988752	75.16557430298583	74;75;76;77;78;122;123;124;125;
G	102	GLY	-0.11580250287426491	-1.782168545276619	A	101	True	0.060549852872348854	0.08330241907979187	8.339580109158032	74;75;76;77;78;79;122;123;124;125;126;
G	103	GLY	-0.14097584930856902	-1.4049530525979879	A	102	True	0.13226623796274087	0.12274643087950747	12.28840296285234	75;76;77;78;79;80;81;98;121;122;123;124;125;126;127;128;
L	104	LEU	-0.19833944492305833	-1.276811137808011	A	103	True	0.15080200041014324	0.13294110022557878	27.63881367786844	78;79;80;81;82;98;122;125;126;127;128;129;130;
I	105	ILE	-0.5092678232580987	-0.7951707092205801	A	104	True	0.684169185988033	0.4262930522934181	86.85064449177861	78;79;80;81;82;125;126;127;128;129;130;
G	106	GLY	-0.1612415691862828	-0.9834420144857193	A	105	True	0.14581650646464392	0.13019907855555415	13.034503172261493	79;80;81;82;83;127;128;129;130;131;
L	107	LEU	-0.6706391566917963	-1.5448280189426846	A	106	True	0.36067029609994733	0.24836866285497103	51.63651560293819	80;81;82;83;84;120;127;128;129;130;131;132;
A	108	ALA	-0.9141942063360915	-1.1159231306460893	A	107	True	0.5961204616920129	0.3778662539306071	48.957712177763604	81;82;83;84;85;129;130;131;132;133;
A	109	ALA	-0.12248228748843183	-0.10471011444735566	A	108	True	0.29144730837060207	0.2102960196038311	27.246709365542934	82;83;84;85;86;118;130;131;132;133;134;
Y	110	TYR	-0.20400912682448016	-0.07337486882072625	A	109	True	0.5493073809483174	0.3521190595215745	86.65407092674879	83;84;85;86;87;131;132;133;134;135;
S	111	SER	-0.05494556687369022	0.19691155106089028	A	110	True	0.24412596256181018	0.1842692794089956	24.97375746131	84;85;86;87;88;89;114;115;132;133;134;135;136;
E	112	GLU	0.3210187085775124	0.12283414976904962	A	111	True	0.9983872415103472	0.5991129828306909	117.59365662481488	85;86;87;88;89;115;133;134;135;136;
G	113	GLY	0.10510866104618566	0.42034844649960995	A	112	True	0.21440672092544896	0.1679236965089969	16.81119389727835	86;87;88;89;90;91;92;116;134;135;136;137;
A	114	ALA	0.5771592994638441	0.9078831428420192	A	113	True	0.3665910956498765	0.25162510260743204	32.60145414418828	87;88;89;90;91;134;135;136;137;138;139;
T	115	THR	1.1571590887794687	1.3003761971533534	A	114	True	0.6079151412410457	0.3843533276825751	62.59601355838079	88;89;90;91;92;110;134;136;137;138;139;140;141;
P	116	PRO	0.28622165454476456	0.4486403413712238	A	115	True	0.463559422223415	0.3049576822228782	50.41532956317222	86;88;89;90;91;92;93;94;110;111;134;137;138;139;140;141;142;
Q	117	GLN	0.13342208964909166	0.24823127297798517	A	116	True	0.3820120480988859	0.2601066264543872	54.203021641588904	90;91;92;93;94;112;139;140;141;142;
D	118	ASP	0.15640600571825822	0.23584580039829026	A	117	True	0.9191889319906291	0.555553912594846	92.86583647544185	91;92;93;94;95;140;141;142;143;144;
L	119	LEU	-0.04188100796047411	-0.07557697008139327	A	118	True	0.3940068154115889	0.26670374847637385	55.44842940835901	93;94;95;96;108;132;140;141;142;143;144;
A	120	ALA	-0.23898886869502942	-0.18382912374044014	A	119	True	0.7223833475132454	0.4473108411322849	57.95520289612691	93;94;95;96;97;141;142;143;144;145;
A	121	ALA	-0.05231120402196628	-0.03504258320621626	A	120	True	0.26916469093596607	0.1980405800147813	25.658850492803122	94;95;96;97;98;106;127;130;142;143;144;145;146;
Y	122	TYR	-0.04098988292184982	-0.11151115389428581	A	121	True	0.3541758345667813	0.2447967090117297	60.242780990494495	95;96;97;98;99;102;125;126;127;144;145;146;147;
G	123	GLY	0.0	0.7285823576629298	A	122	True	0.0	0.03426235855351784	3.430076665745634	96;97;98;99;100;101;102;103;126;127;144;145;146;147;148;
P	124	PRO	0.39506757205262844	1.0116056514752467	A	123	True	0.4452650472027921	0.2948957759615356	48.7519042757627	97;98;99;100;101;102;145;146;147;148;
K	125	LYS	0.6129770341959803	0.4792169351372051	A	124	True	1.0	0.7415427863743407	182.27358982772935	99;100;101;102;146;147;148;
E	126	GLU	0.6477149588819823	1.4625497745684124	A	125	True	0.5157429738700008	0.3336586356285004	65.4903835377078	98;99;100;101;102;103;104;121;148;
P	127	PRO	1.4930843465268573	1.7696553654209557	A	126	True	0.8233192299184106	0.5028255764551257	83.12667175654258	101;102;103;104;121;122;146;148;149;150;151;152;
F	128	PHE	0.0373775697780475	1.1044759774336337	A	127	True	0.0476846628646143	0.07622656457553786	17.51527140425897	102;103;104;105;106;120;121;122;151;152;153;154;
R	129	ARG	0.43543282986849	0.6278513497826408	A	128	True	1.0	0.6148408220571816	167.85941438413292	102;103;104;105;106;151;152;153;154;
D	130	ASP	-0.43494920682454274	0.016305215513469154	A	129	True	0.7380211745104812	0.4559116459807646	76.20973483049863	81;103;104;105;106;107;151;152;153;154;155;
Y	131	TYR	-0.06122029586247545	-0.6590302599892038	A	130	True	0.14430213190723884	0.12936617254898136	31.836122437713726	103;104;105;106;107;108;120;152;153;154;155;156;
A	132	ALA	-0.4067203391748956	0.17012794228984157	A	131	True	0.5808193053793869	0.36945061795866274	47.867352084949	83;105;106;107;108;109;154;155;156;157;
A	133	ALA	-0.162504220697183	0.17302233752969698	A	132	True	0.28480046850328206	0.2066402576768051	26.77305568953451	106;107;108;109;110;118;142;154;155;156;157;158;
Y	134	TYR	-0.022349311493294298	0.35722222809768545	A	133	True	0.40616291008522715	0.2733896005468749	67.27929430634214	107;108;109;110;111;139;155;156;157;158;159;
N	135	ASN	0.05185335206209682	1.3508807463165655	A	134	True	0.03546470743320909	0.069505589088265	12.321742316800353	108;109;110;111;112;113;114;115;138;139;156;157;158;159;160;161;
K	136	LYS	1.3777986891514646	2.0189390435031234	A	135	True	0.647628862120797	0.40619587416643826	99.84424569690786	109;110;111;112;113;139;157;158;159;160;161;
R	137	ARG	1.8854753937874638	1.583991846541143	A	136	True	1.0	0.6965186809857802	190.15851534823463	110;111;112;113;114;158;159;160;161;
K	138	LYS	1.623843263016118	1.5755224537697614	A	137	True	0.8444189012359026	0.5144303956797464	126.44863743534782	112;113;114;115;158;159;160;161;162;163;
R	139	ARG	1.7731649046776135	1.450923158740293	A	138	True	0.9168390732210633	0.5542614902715848	151.32048139121812	113;114;115;134;158;159;160;161;162;163;164;165;
V	140	VAL	0.26930967731358	0.5977447564738994	A	139	True	0.28915397441307267	0.20903468592718996	37.30416282281758	113;114;115;116;133;134;135;158;161;162;163;164;165;166;167;
I	141	ILE	0.20030699105449257	-0.07452460138975328	A	140	True	0.6421800326089968	0.40319901793494817	82.14559063936949	114;115;116;117;118;163;164;165;166;167;
G	142	GLY	-0.1586218761715674	-0.6685635090962578	A	141	True	0.22534300855146552	0.17393865470330602	17.413363993522843	114;115;116;117;118;119;163;164;165;166;167;168;
L	143	LEU	-0.8168257842563925	-1.6739424897193222	A	142	True	0.4271358842153817	0.2849247363184599	59.23662197739588	115;116;117;118;119;120;132;164;165;166;167;168;169;
A	144	ALA	-0.7440553267221988	-0.584808724860045	A	143	True	0.7706429063220659	0.47385359847713615	61.39417809165228	117;118;119;120;166;167;168;169;170;
A	145	ALA	-0.01929999040707122	0.44947567829089724	A	144	True	0.20473728131212726	0.16260550472166999	21.067754571556563	117;118;119;120;121;122;168;169;170;171;
Y	146	TYR	-0.11867950911855751	0.22861830487589774	A	145	True	0.5957157634466088	0.3776436698956348	92.93550141999344	119;120;121;122;123;169;170;171;172;
R	147	ARG	0.0	1.1187835336090557	A	146	True	0.0	0.04185630024939832	11.427305728728935	120;121;122;123;124;126;150;151;169;170;171;172;173;
R	148	ARG	1.4307872285324175	1.1757181908595429	A	147	True	1.0	0.6064530614238942	165.56944836790936	121;122;123;124;170;171;172;173;174;
T	149	THR	0.2771944738263801	0.6435771839730923	A	148	True	0.253774590598558	0.18957602482920688	30.87446514929953	122;123;124;125;126;171;172;173;174;
R	150	ARG	1.2696600805609843	0.7220060823013051	A	149	True	0.9424965808543687	0.5683731194699028	155.1731367912127	126;171;172;173;174;175;176;
H	151	HIS	0.8231878878867214	0.22272234104507668	A	150	True	1.0	0.7310053847540936	155.08352338096572	126;146;171;173;174;175;176;177;
F	152	PHE	-0.007003413183378436	-0.8037119429634707	A	151	True	0.1448734838081391	0.1296804160944765	29.797849297814324	126;127;128;129;146;171;174;175;176;177;178;
L	153	LEU	-0.041108786488516846	-0.7845021851996806	A	152	True	0.8472188372600349	0.5159703604930191	107.27163106647203	126;127;128;129;130;176;177;178;179;
S	154	SER	-0.6953003813048709	-1.4222160745659824	A	153	True	0.6229482663302797	0.39262154648165376	53.21144852449346	127;128;129;130;176;177;178;179;180;
Y	155	TYR	-0.762232951625433	-1.8553617991532194	A	154	True	0.4396309573822434	0.2917970265602338	71.80923483699027	127;128;129;130;131;132;176;178;179;180;181;
A	156	ALA	-0.829296325604802	-1.1294998790665673	A	155	True	0.7070083094380866	0.43885457019094753	56.859577990391855	129;130;131;132;133;179;180;181;182;
A	157	ALA	-1.1648046936886163	-1.2301460447296206	A	156	True	1.0	0.7122037924480739	92.27568728322527	130;131;132;133;134;181;182;183;
Y	158	TYR	-0.6343336421777015	-0.7884826642768977	A	157	True	0.9481875977118304	0.5715031787415067	140.64298891635147	131;132;133;134;135;161;181;182;183;
G	159	GLY	-0.00015510735856958318	-0.6084928907951851	A	158	True	0.0016154432093697356	0.05088849376515336	5.094553976666409	132;133;134;135;136;137;138;139;162;183;
I	160	ILE	0.4224960565233572	-0.006229366314734012	A	159	True	0.6206062073098375	0.39133341402041055	79.72815657208274	133;134;135;136;137;138;183;
D	161	ASP	1.3046408337890898	0.6008644924717982	A	160	True	1.0	0.7624689427671595	127.4535460040156	134;135;136;137;138;185;
L	162	LEU	0.20673530783147956	0.540518251411211	A	161	True	0.16879116220400608	0.14283513921220334	29.695811097092946	134;135;136;137;138;139;157;184;185;
D	163	ASP	1.0074707109225105	0.6319261623618717	A	162	True	1.0	0.6436663712957623	107.59462695942833	137;138;139;158;185;186;187;188;
D	164	ASP	0.7525777052879983	1.1410411865650227	A	163	True	0.5564835100029714	0.3560659305016342	59.51962487672267	137;138;139;140;141;185;186;187;188;189;
V	165	VAL	0.008042742377894575	0.07373376675393253	A	164	True	0.7166405744304625	0.4441523159367543	79.26306698022043	138;139;140;141;142;187;188;189;190;191;
P	166	PRO	0.027345721673025528	0.276271651624617	A	165	True	0.5743547989628893	0.36589513942958907	60.48945514487418	138;139;140;141;142;188;189;190;191;
S	167	SER	-0.7950978631828367	-0.3486572876766777	A	166	True	1.0	0.6886837873031976	93.33634953590015	139;140;141;142;143;189;190;191;192;
V	168	VAL	-1.0985854195738252	-1.3388980784445914	A	167	True	0.5900916760672111	0.3745504218369661	66.8419686406875	139;140;141;142;143;190;191;192;193;
A	169	ALA	-0.8430027167445677	-1.064036917785416	A	168	True	0.5590113543510015	0.3574562448930508	46.31331793082528	141;142;143;144;191;192;193;194;
A	170	ALA	-0.4959396884673017	-0.7060022446349121	A	169	True	0.671961015429532	0.41957855848624254	54.36210852028814	142;143;144;145;146;192;193;194;
Y	171	TYR	-1.0128420372469342	-1.1888127955519225	A	170	True	0.927881915958917	0.5603350537774043	137.89459042274814	143;144;145;146;147;193;194;195;
M	172	MET	-0.033110218171808314	-0.48694654244373864	A	171	True	0.2648712301817335	0.19567917659995337	42.254961394993934	144;145;146;147;148;149;150;151;175;176;194;195;
R	173	ARG	0.6712522409121418	0.13293226640780384	A	172	True	0.9593036989057526	0.5776170343981639	157.69684388873907	145;146;147;148;149;195;
Y	174	TYR	0.5330365226280871	0.18986692365828886	A	173	True	0.7910795587610232	0.4850937573185627	119.37822652917278	146;147;148;149;150;195;196;197;
G	175	GLY	0.6645522169288781	0.8550463116456097	A	174	True	0.5205712085209163	0.33631416468650394	33.66911728651175	147;148;149;150;151;195;197;
R	176	ARG	1.481012340577967	1.1591359587193515	A	175	True	1.0	0.64975289189206	177.3908563235486	149;150;151;171;195;196;197;198;199;200;
H	177	HIS	-0.10705446241971944	0.0071161429813616384	A	176	True	0.8257510710896211	0.5041630890992915	106.9587035155038	149;150;151;152;153;154;171;195;199;200;201;
P	178	PRO	0.1556053103380825	0.36611140343233756	A	177	True	0.8821660569356011	0.5351913313145805	88.47734922072826	150;151;152;153;201;
S	179	SER	-0.22872887223490898	0.1356056366704381	A	178	True	1.0	0.6345315656871252	85.99717475338413	151;152;153;154;201;202;
F	180	PHE	-1.1853068872358643	-0.8655622832755308	A	179	True	1.0	0.6728509143936475	154.60707754354937	152;153;154;155;201;202;203;
A	181	ALA	-0.48136147377523836	-0.3673484167197555	A	180	True	1.0	0.7825243014636704	101.38666558511841	153;154;155;202;203;204;
A	182	ALA	-0.3512418242241131	-0.09480791232312237	A	181	True	0.986176881721817	0.5923972849469993	76.75312486795904	154;155;156;157;
Y	183	TYR	-0.8228069406351921	-0.7891591746726608	A	182	True	1.0	0.8890177712610058	218.78113928471183	155;156;157;
K	184	LYS	0.11577958917204038	0.28463019090817987	A	183	True	0.5201890776085902	0.3361039926847246	82.6154369346819	156;157;158;159;
E	185	GLU	0.38985728431138966	0.23643842730790213	A	184	True	1.0	0.8841258290415532	173.53586407394445	161;
F	186	PHE	0.08009274841993473	-0.023939614509956735	A	185	True	0.5885283051401492	0.373690567827082	85.86628235379585	160;161;162;163;
K	187	LYS	0.038473944816887026	-0.04536648207282955	A	186	True	1.0	0.8668145471118353	213.06578948663986	162;163;
T	188	THR	0.030153576154289385	-0.2885113886650641	A	187	True	0.7810340357580295	0.47956871966691617	78.10284942618577	162;163;164;
L	189	LEU	-0.8432208688663617	-1.1017284247243393	A	188	True	0.959098867949487	0.5775043773722178	120.064719317503	162;163;164;165;
Y	190	TYR	-0.4990103700139626	-0.5967116027874234	A	189	True	1.0	0.6833640516148175	168.17117789045045	163;164;165;166;
N	191	ASN	-1.1810241668540409	-1.141332474900944	A	190	True	1.0	0.7685738354198939	136.25046382173252	164;165;166;167;
L	192	LEU	-1.593144991744583	-1.4475533468971542	A	191	True	1.0	0.6963214419621404	144.7671078518223	164;165;166;167;168;
A	193	ALA	-0.7161156230123471	-1.0352449918573519	A	192	True	0.5313736780403908	0.3422555229222149	44.34385766968468	166;167;168;169;
A	194	ALA	-0.48868862662890583	-0.3589186785483035	A	193	True	0.9249103706885405	0.5587007038786973	72.38727451705799	167;168;169;170;199;201;
Y	195	TYR	-0.1155711187184888	-0.016116454236049238	A	194	True	1.0	0.7401974327399287	182.15748083501055	168;169;170;171;199;
S	196	SER	0.08971091344954096	0.19606982398153402	A	195	True	0.43053256653114563	0.28679291159213005	38.86864179800516	170;171;172;173;174;175;176;199;200;
P	197	PRO	0.10726984016869774	-0.05439983977257151	A	196	True	1.0	0.7081845360496439	117.07643013364468	173;175;
R	198	ARG	0.47180284420640073	0.22267674476671562	A	197	True	1.0	0.6184043936743105	168.8323150493258	173;174;175;
T	199	THR	0.6191747061286982	0.6027273086031733	A	198	True	0.8516412766375696	0.5184027021506632	84.4273751138783	175;
L	200	LEU	0.10283641256792131	-0.06614167676335304	A	199	True	0.9313350493950339	0.5622342771672686	116.8900242556235	175;176;193;194;195;
N	201	ASN	-0.7375961260494703	-0.8642461751282798	A	200	True	1.0	0.6875244731276804	121.88227602265579	175;176;195;
A	202	ALA	-1.2708319887376975	-1.2904040707796134	A	201	True	1.0	0.6873894850038951	89.06065627925067	176;177;178;179;193;
W	203	TRP	-0.955264156104069	-0.9423447706586356	A	202	True	1.0	0.8998596201000825	242.6793615343868	178;179;180;
V	204	VAL	-0.5050908655626618	-0.500631288220266	A	203	True	1.0	0.7316077538615551	130.56213446793004	179;180;
G	205	GLY	-0.4574743925943841	-0.4980286565437542	A	204	True	0.9315267852378291	0.562339731880806	56.29701147202444	180;
P	206	PRO	-0.29376166889619193	-0.3043077433435496	A	205	True	1.0	0.8548595583679817	141.3246128157922	
G	207	GLY	-0.042472446297114656	-0.0576554910805822	A	206	True	0.9583132074828895	0.5770722641155892	57.77191621236628	
P	208	PRO	0.16674441112643468	0.1636068956889887	A	207	True	1.0	0.8543367918663051	141.23818952822486	
G	209	GLY	0.12482066233574221	0.12181629571072648	A	208	True	1.0	0.6300145496223358	63.07207959324625	
L	210	LEU	0.026845336857565204	0.03040838476006461	A	209	True	1.0	0.8402166707349213	174.68331443080115	
L	211	LEU	-0.5491606004444141	-0.5518324850479769	A	210	True	1.0	0.8518390806670836	177.09964483620448	
S	212	SER	-1.3086867602102203	-1.318601737786273	A	211	True	1.0	0.8031173483350346	108.84536985555957	
G	213	GLY	-1.4056108077809097	-1.4115266736735614	A	212	True	1.0	0.6686817336152194	66.9431325838602	
I	214	ILE	-1.038353241530769	-1.050352654542784	A	213	True	1.0	0.7657290772146579	156.00550725469745	
V	215	VAL	-0.6782901265969817	-0.6891786354120064	A	214	True	1.0	0.7121319246533373	127.08649356809485	
Q	216	GLN	-0.6885953055582966	-0.6891786354120075	A	215	True	1.0	0.8056666671210141	167.89102372801375	
Q	217	GLN	-0.5935265714924847	-0.6003733561378586	A	216	True	1.0	0.7457245075668303	155.39981496548435	
Q	218	GLN	-0.4422111002634642	-0.4598459687681845	A	217	True	1.0	0.7746528196601518	161.4281193874938	
S	219	SER	-0.19248477792948995	-0.221987048741823	A	218	True	1.0	0.6536483889742019	88.58805104992902	
N	220	ASN	0.2527843317858094	0.2970957827968009	A	219	True	1.0	0.8478251116711646	150.29989232172903	
L	221	LEU	0.16560390598658864	0.22763505111051496	A	220	True	1.0	0.7786714148843183	161.88788956726998	
L	222	LEU	0.26771337096211545	0.3304683650615576	A	221	True	1.0	0.8745173460936655	181.81451744970752	
R	223	ARG	0.49328112040374317	0.46366687599048056	A	222	True	1.0	0.8834027974914971	241.18027127098662	
A	224	ALA	0.31767886686842395	0.3803112046513981	A	223	True	1.0	0.8464959401756706	109.67506139454453	
G	225	GLY	0.8315948970095176	0.915909692556368	A	224	True	0.9793020841650046	0.5886161462907525	58.92759849907444	
P	226	PRO	1.297037366038822	1.338673401947803	A	225	True	1.0	0.8714535392712949	144.06791480414512	
G	227	GLY	1.0019342748140116	1.0039234172471283	A	226	True	1.0	0.6170561962232191	61.774791621918524	
P	228	PRO	0.5927775676187409	0.5988069273824985	A	227	True	1.0	0.7916936382433944	130.88207975012355	
G	229	GLY	0.5627296773535642	0.6778293657534633	A	228	True	0.8353979052516375	0.5094688478884005	51.003996246688345	
P	230	PRO	0.001730867719150789	-0.0012690229403054644	A	229	True	1.0	0.8506467262333967	140.62815119885153	
I	231	ILE	-0.16505643397915665	-0.16939052451665226	A	230	True	1.0	0.6449507319671992	131.39877939704454	
P	232	PRO	-0.8288939760014484	-0.8345699125039743	A	231	True	1.0	0.7453953378389243	123.2280863957269	
I	233	ILE	-1.4179378414845865	-1.4248937996285824	A	232	True	1.0	0.6461977765253127	131.65284552127397	
H	234	HIS	-1.772365433006355	-1.789549633006355	A	233	True	1.0	0.8029980752621609	170.3568446649427	
Y	235	TYR	-1.108944356265708	-1.1159008522476517	A	234	True	1.0	0.7987848800904749	196.57544737459324	
C	236	CYS	-1.3951529939049567	-1.401029676398517	A	235	True	1.0	0.7301370013712771	113.31207864011249	
T	237	THR	-0.8142894487249882	-0.8187888065904744	A	236	True	1.0	0.8000870777620422	130.30266153657286	
P	238	PRO	-1.2211252828059118	-1.2244387820507878	A	237	True	1.0	0.6948241385379471	114.86770124136874	
A	239	ALA	-0.8414246112848133	-0.8443882182143301	A	238	True	1.0	0.7178310075206109	93.00476952599743	
G	240	GLY	-0.8347126196136336	-0.8363052008977656	A	239	True	1.0	0.6750815825173085	67.58383489713104	
Y	241	TYR	-1.0166830975179075	-1.0171562334887194	A	240	True	1.0	0.8597817247539508	211.58634996804648	
A	242	ALA	-1.1085641444393803	-1.1085641444393803	A	241	True	1.0	0.7432644169626622	96.30001361358359	
I	243	ILE	-0.8234353202885148	-0.8234353202885148	A	242	True	1.0	0.8348456758990417	170.0869498410209	
L	244	LEU	-0.8234353202885148	-0.8234353202885148	A	243	True	1.0	0.817622144764831	169.98585147639923	
G	245	GLY	-0.14812779998973508	-0.15280632436612743	A	244	True	1.0	0.6146931055763142	61.53821765476653	
P	246	PRO	0.0541436636552439	0.05330006141377211	A	245	True	1.0	0.8645109650220678	142.92017467757972	
G	247	GLY	0.7416377472546093	0.7435453754292672	A	246	True	1.0	0.6245564265152717	62.52565542693952	
P	248	PRO	1.590294086829913	1.626616476838024	A	247	True	1.0	0.8288857762684132	137.03065053549543	
G	249	GLY	0.9265239220310699	0.9825903806770179	A	248	True	1.0	0.6247705089154476	62.54708766559418	
P	250	PRO	0.2646673565754657	0.31884997798207004	A	249	True	1.0	0.7802224896774658	128.98567979323792	
E	251	GLU	0.45824516313578056	0.4102578889327319	A	250	True	1.0	0.8329156393296222	163.4843485213625	
V	252	VAL	0.011202237250556801	-0.05836551469656004	A	251	True	1.0	0.7489457689071157	133.65626276254875	
I	253	ILE	-0.7366819618831854	-0.7941358128469687	A	252	True	1.0	0.6678486185676609	136.06387116443497	
P	254	PRO	-0.9153412951789073	-0.958669569402521	A	253	True	1.0	0.6867320595036027	113.52992601828204	
M	255	MET	-1.5408787221644251	-1.5759130210583536	A	254	True	1.0	0.7902487914575526	170.6463240273439	
F	256	PHE	-1.3256846997394485	-1.3588616949658794	A	255	True	1.0	0.9137519249849541	209.96109494631025	
S	257	SER	-0.7781423892069462	-0.8142003644590023	A	256	True	1.0	0.8222572208394121	111.43936998025636	
A	258	ALA	-0.43997040560409234	-0.4820857369540374	A	257	True	1.0	0.7913516625339334	102.53037026388154	
L	259	LEU	-0.01619304788643232	-0.07353499864877572	A	258	True	1.0	0.8292769199529705	172.40891070590644	
S	260	SER	0.41423388986005166	0.46851438630142933	A	259	True	1.0	0.7487984056385668	101.48359959842708	
E	261	GLU	0.2850443380556295	0.23705706385258085	A	260	True	1.0	0.8646180455344006	169.70688413027392	
G	262	GLY	0.37651497289186614	0.4307779770527844	A	261	True	1.0	0.8092980690600736	81.02052921954899	
A	263	ALA	0.909600015153607	0.9663764649577543	A	262	True	1.0	0.8126053157207029	105.28407008391088	
T	264	THR	0.9358109441823148	0.9768318193093871	A	263	True	1.0	0.9170597730439627	149.3529048738036	
G	265	GLY	0.6306607184128162	0.6338179759342891	A	264	True	1.0	0.6333311280216652	63.40410922161775	
P	266	PRO	0.6075634982395836	0.610285578032868	A	265	True	1.0	0.8685136898905478	143.58190155038446	
G	267	GLY	0.24856976391056212	0.2716024926125929	A	266	True	1.0	0.6314788859577621	63.21867737889208	
P	268	PRO	0.8646189981534333	0.9247323797895061	A	267	True	1.0	0.6721408503865604	111.1177204591408	
G	269	GLY	1.2655895389531764	1.382225521067472	A	268	True	1.0	0.7554476505254112	75.62945073416502	
Y	270	TYR	0.49358392071554197	0.6313100265261632	A	269	True	1.0	0.8388916342687711	206.44544284126812	
K	271	LYS	-0.0008742269016647208	0.0589775347818794	A	270	True	1.0	0.6661278196487639	163.73634967868904	
R	272	ARG	-0.4016055783414093	-0.614671245976824	A	271	True	1.0	0.8239173405914382	224.9399801234222	
W	273	TRP	-0.9467635894764993	-1.078678579058645	A	272	True	1.0	0.7692555781564598	207.45730599958736	
I	274	ILE	-0.4220914053043583	-0.5407011177773023	A	273	True	1.0	0.6244700442829597	127.22615468397109	
I	275	ILE	-1.2717525239195626	-1.3715856694002466	A	274	True	1.0	0.8293168931856957	168.96054550643044	
L	276	LEU	-1.625280260640908	-1.714387893712501	A	275	True	1.0	0.6248766170657312	129.9135358548316	279;
G	277	GLY	-0.6049632210607683	-0.6793332607749438	A	276	True	1.0	0.8430906373930315	84.4035741997549	
L	278	LEU	-0.5709962069616193	-0.6534476230833809	A	277	True	1.0	0.6567653597978378	136.54329156844193	
N	279	ASN	-0.6240391677747193	-0.725512791677493	A	278	True	1.0	0.9205581717571146	163.193791014586	
K	280	LYS	0.09853851876192156	0.15474405899190935	A	279	True	1.0	0.7362117971963323	180.96321562860953	275;
I	281	ILE	-0.05594215894577609	-0.1911361880600935	A	280	True	1.0	0.7957908655460274	162.13013367567368	
V	282	VAL	0.15530400289385182	0.2629627669579711	A	281	True	1.0	0.6562201332219535	117.10851999868325	
R	283	ARG	0.24684377925431428	0.23967976094292107	A	282	True	1.0	0.8359409952085265	228.22259173666643	
M	284	MET	-0.015731803016260745	-0.11815606261502423	A	283	True	1.0	0.8186681341130453	176.783196880371	
G	285	GLY	0.47819836341506794	0.5289878068231308	A	284	True	1.0	0.6473617505272223	64.80874430495633	
P	286	PRO	1.1161121273747852	1.1551788224693766	A	285	True	1.0	0.8114182106742187	134.14292831227223	
G	287	GLY	0.5414086093252903	0.5430643447269317	A	286	True	1.0	0.6262585285085562	62.69605643190143	
P	288	PRO	0.8646441595675944	0.873039629492234	A	287	True	1.0	0.6665082350184726	110.18654155584237	
G	289	GLY	1.2103946925397973	1.2550773294519333	A	288	True	1.0	0.7726521119808081	77.35182549983385	
H	290	HIS	0.5503145992295824	0.6100862617695143	A	289	True	1.0	0.7429915746964781	157.62640556343254	
S	291	SER	0.8711794711847178	0.8869210946562529	A	290	True	1.0	0.6824670476126654	92.49380350907789	
D	292	ASP	0.8394392310500355	0.740222418615463	A	291	True	1.0	0.7752548961161164	129.5908331798739	
Y	293	TYR	0.03403790093445125	0.0334341263015399	A	292	True	1.0	0.9095869664074265	223.84307628279944	
K	294	LYS	0.5413534608971141	0.6317663215265498	A	293	True	1.0	0.725714179021338	178.38286748881774	
S	295	SER	0.9727015991845664	1.0432091488848174	A	294	True	1.0	0.8203915510486645	111.18651836545403	
F	296	PHE	0.46234939039426737	0.5020060042222622	A	295	True	1.0	0.7847185586015247	180.31192414875562	
E	297	GLU	1.4496914354509933	1.3619014185804352	A	296	True	1.0	0.7860013331998387	154.27602727993104	
D	298	ASP	0.9376751941443697	0.862982940285991	A	297	True	1.0	0.904115958998091	151.1311195901619	
A	299	ALA	0.9478478717396253	0.9794593807975488	A	298	True	1.0	0.6977902374420712	90.40821520784955	
K	300	LYS	1.0375699491673267	1.0861392626489028	A	299	True	1.0	0.8437932243064985	207.40707467285512	
A	301	ALA	0.4762475141979243	0.4511845852041087	A	300	True	1.0	0.701538593867473	90.89386576040772	
N	302	ASN	0.12417339763187833	0.17219401710747229	A	301	True	1.0	0.8585608980680371	152.2031003268074	
C	303	CYS	0.40051256616984715	0.45496960146819493	A	302	True	1.0	0.8339112108907195	129.41709916064235	
A	304	ALA	0.11166809341810482	0.12041846636007646	A	303	True	1.0	0.8694362310755559	112.6472880685809	
G	305	GLY	0.3958233954448904	0.4067858377689105	A	304	True	1.0	0.6704346845761692	67.11862418575791	
P	306	PRO	0.30612021774472603	0.3221916191718583	A	305	True	1.0	0.8641853770205757	142.86634876220225	
G	307	GLY	1.2032038891931494	1.2525162493396502	A	306	True	1.0	0.6650443928661162	66.5789907630519	
P	308	PRO	1.3517608252710456	1.4191852749314282	A	307	True	1.0	0.8842751578204664	146.18757324323747	
G	309	GLY	1.6810942370379345	1.7147723762848575	A	308	True	1.0	0.7513615322152328	75.22038084928461	
K	310	LYS	0.9726659950566646	0.9166678779199328	A	309	True	1.0	0.8355369998351282	205.377668277874	
S	311	SER	0.4720381610297448	0.45266054483811163	A	310	True	1.0	0.6715393544636636	91.0127885553641	
D	312	ASP	0.2220297471320419	0.09791308952409672	A	311	True	1.0	0.8766692996719565	146.54316346386457	
V	313	VAL	-0.10769705865767212	-0.1439995872763857	A	312	True	1.0	0.610134725551936	108.88415501421807	
L	314	LEU	-1.069917647698587	-1.1106864115740254	A	313	True	1.0	0.7826710001417698	162.71941414117433	
T	315	THR	-1.4333153049153424	-1.5253480064039704	A	314	True	0.9666923719916797	0.5816808045954238	94.73288484489348	
T	316	THR	-2.4104926245959986	-2.4606445703352247	A	315	True	1.0	0.7043258724451409	114.70693418193912	
W	317	TRP	-1.349335557801852	-1.4089428459745497	A	316	True	1.0	0.8031486083115515	216.5977749513874	
L	318	LEU	-1.4134435621469792	-1.4918305144314514	A	317	True	1.0	0.7195576204653478	149.59797210032107	
I	319	ILE	-1.7593419938299553	-1.8605031578267985	A	318	True	1.0	0.6562353445866889	133.69784543523122	
D	320	ASP	-0.9346023237417412	-1.1416865557522038	A	319	True	0.9793145617081394	0.5886230089394766	98.39363355131397	
Y	321	TYR	0.11750016297287474	-0.027562402884843247	A	320	True	1.0	0.8517578857599829	209.61173855612003	
V	322	VAL	0.2622773739038703	0.45787179775985076	A	321	True	1.0	0.6300091026998126	112.4309204605264	
E	323	GLU	1.0368062031383043	1.1100937109556812	A	322	True	1.0	0.9126799154778187	179.14044873802004	
D	324	ASP	0.6948969320168132	0.728056010995981	A	323	True	1.0	0.7675427175105857	128.301673116352	
G	325	GLY	1.2499723209045064	1.3667304876627568	A	324	True	1.0	0.6174394142987297	61.81315638821586	
P	326	PRO	1.8946400078932282	1.9939123411153759	A	325	True	1.0	0.854568130673261	141.2764342515859	
G	327	GLY	1.5935206202493315	1.6319487246933444	A	326	True	1.0	0.6820298821188597	68.2794437616715	
P	328	PRO	1.3258524866506158	1.3278170881376612	A	327	True	1.0	0.8359370376874875	138.1963587271615	
G	329	GLY	1.6933293111151642	1.715421756112173	A	328	True	1.0	0.6488991138657282	64.96265297723717	
P	330	PRO	1.01886252969627	1.0332269992734804	A	329	True	1.0	0.78738418612859	130.16964500501098	
N	331	ASN	0.9529092427381022	0.9401379265023734	A	330	True	1.0	0.7964602815960293	141.1940893404993	
E	332	GLU	0.36060920381034334	0.2760732310472244	A	331	True	1.0	0.7640553096843964	149.96847056272944	
I	333	ILE	0.5668713071505106	0.6383678247338599	A	332	True	1.0	0.7423462132232964	151.24160881256302	
K	334	LYS	0.0826853239170875	-0.006422804914153561	A	333	True	1.0	0.7624900587929961	187.4224964195066	
Y	335	TYR	-0.5009571294952047	-0.5192303408377096	A	334	True	1.0	0.8347881138241257	205.43559477413194	
K	336	LYS	-0.4472876627480833	-0.5291387189014662	A	335	True	1.0	0.7693613890296837	189.11149137994113	
I	337	ILE	0.030552153479408723	0.08493425631412856	A	336	True	1.0	0.6986641119550806	142.34205338352356	
L	338	LEU	-0.6302569589016704	-0.6719410262499632	A	337	True	1.0	0.7492176930211139	155.76438126686074	
E	339	GLU	0.14000582082119217	0.04178773181498853	A	338	True	1.0	0.6306928691515711	123.79214407992269	
N	340	ASN	0.0928170521079279	0.17473405746646722	A	339	True	1.0	0.8465154285452735	150.06771562622043	
F	341	PHE	0.7714342069453065	0.8838036073683212	A	340	True	1.0	0.7156770212923672	164.44762184324097	
N	342	ASN	1.236924179891715	1.3288611674032078	A	341	True	1.0	0.7972252581682993	141.32970209230157	
D	343	ASP	1.0421332875882203	0.9967465398982429	A	342	True	1.0	0.783402546590268	130.9527862854826	
N	344	ASN	0.845283546237521	0.8967943353023676	A	343	True	1.0	0.8587317637271353	152.23339087825536	
G	345	GLY	1.643373049756516	1.6917703156962312	A	344	True	1.0	0.6928544272849226	69.3631117097909	
P	346	PRO	1.5391482586930332	1.5716297907954537	A	345	True	1.0	0.8393882949142827	138.76691746576378	
G	347	GLY	0.6164533770309258	0.6128008289627774	A	346	True	1.0	0.6465685874835629	64.7293390870132	
P	348	PRO	-0.012610314085332128	-0.057006772861444496	A	347	True	1.0	0.8863378996363259	146.52858386376772	
G	349	GLY	-0.3787877408728395	-0.43001120486297884	A	348	True	1.0	0.6908546540723668	69.16291021395818	
I	350	ILE	-0.09720268524021952	-0.14483102378900584	A	349	True	1.0	0.8338423476124792	169.88253715388942	
I	351	ILE	-0.6440775094009363	-0.695736647970419	A	350	True	1.0	0.6821477804810846	138.97710519720158	
M	352	MET	-1.1849258918142964	-1.2367847438104553	A	351	True	1.0	0.7651057981266479	165.21694604746835	
D	353	ASP	-1.5686486998820497	-1.7087187793432814	A	352	True	1.0	0.6521077040989581	109.00567170947774	
I	354	ILE	-1.1816624688043798	-1.1972505153499888	A	353	True	1.0	0.7436144761552727	151.499997853704	
L	355	LEU	-0.3650930114319324	-0.37384497368473046	A	354	True	1.0	0.7397840786470601	153.80310736773615	
L	356	LEU	0.42249918169446304	0.49219890589849846	A	355	True	1.0	0.9016077121400968	187.44667769474893	
S	357	SER	0.2110505220402289	0.34462132518493804	A	356	True	1.0	0.7026014162065731	95.22258629649417	
K	358	LYS	0.8563493807009916	0.9239619789149605	A	357	True	1.0	0.8150351462500955	200.33824706074148	
R	359	ARG	0.8878251408369964	0.9529439847514471	A	358	True	1.0	0.8413286846225847	229.6934999091288	
P	360	PRO	1.5675028485360454	1.7604199931987659	A	359	True	1.0	0.680643609146509	112.52338888485264	
S	361	SER	1.0228353002078028	1.2100613453052311	A	360	True	1.0	0.8262079937872414	111.97481270679353	
L	362	LEU	0.6997220685557852	0.8307986541844129	A	361	True	1.0	0.780253602767512	162.21683070009323	
K	363	LYS	0.45889210983382406	0.47945213622694527	A	362	True	1.0	0.7570771318497793	186.09198165549768	
I	364	ILE	0.2560426881587172	0.35361261150473133	A	363	True	1.0	0.873629173772741	177.98849026691988	
G	365	GLY	0.3058221286583306	0.4466821912754425	A	364	True	0.8447464808559612	0.5146105644707786	51.518744291355034	
P	366	PRO	0.8023700847475564	0.8473997594750206	A	365	True	1.0	0.869522705625214	143.7487111235253	
G	367	GLY	0.8051592722068568	0.8716016358767756	A	366	True	0.9485001362605084	0.5716750749432796	57.2315922702291	
P	368	PRO	1.410738584448083	1.459983684589975	A	367	True	1.0	0.8783123107992544	145.20180074025302	
G	369	GLY	0.8365432120005999	0.9030564502616998	A	368	True	1.0	0.6265357522977171	62.723809887604276	
D	370	ASP	0.38990997874542466	0.35061371964834487	A	369	True	1.0	0.9236915016246845	154.40334772008063	
S	371	SER	0.1807049939950392	0.24109225050426494	A	370	True	1.0	0.7496680471048615	101.60146088885594	374;
Y	372	TYR	0.38848868710405443	0.4012528083777641	A	371	True	1.0	0.875715035444516	215.50742778915082	375;
L	373	LEU	-0.04145165129245627	-0.05284614664030048	A	372	True	1.0	0.8582081433006261	178.4237901541871	376;
Q	374	GLN	-0.5162679324288836	-0.5223374050664179	A	373	True	1.0	0.834266282277068	173.85083175126897	377;
K	375	LYS	-0.4590282285456423	-0.5568752077186532	A	374	True	1.0	0.8290721389399716	203.78858478228963	370;
L	376	LEU	-0.10269105449677021	-0.13883975967864387	A	375	True	1.0	0.8068316006600039	167.74246822253662	371;
A	377	ALA	0.18955018531706586	0.2690098252324684	A	376	True	1.0	0.7339597019148494	95.09446123501479	372;
Q	378	GLN	-0.21775838354516036	-0.2516413543149143	A	377	True	1.0	0.8174297932272666	170.34231452210565	373;
H	379	HIS	-0.4734245793850993	-0.5180692669221978	A	378	True	1.0	0.8126296472469765	172.4001922930933	
S	380	SER	-0.3296113629982549	-0.3538147675880356	A	379	True	1.0	0.835794091585461	113.27400312084933	
I	381	ILE	-0.07595317428837478	-0.08912365562844449	A	380	True	1.0	0.7166584022630215	146.00811292169578	
P	382	PRO	0.002502368178222417	-0.00164832767622169	A	381	True	1.0	0.7070482663673369	116.88858305240839	
T	383	THR	0.2610471044320114	0.257881084850787	A	382	True	1.0	0.8205111724673847	133.62894185474175	
N	384	ASN	0.3014082210104703	0.29967168482904816	A	383	True	1.0	0.8231570326450854	145.9268092762228	
G	385	GLY	0.9736307309157379	0.9733204655877515	A	384	True	1.0	0.6535659255561873	65.42985729587357	
P	386	PRO	0.8819125546370907	0.8819125546370907	A	385	True	1.0	0.8805528296444638	145.57220129927606	
G	387	GLY	1.0645084264685065	1.0622355411769122	A	386	True	1.0	0.6198831391309989	62.05780281299647	
P	388	PRO	0.7161179674898746	0.7110815553457854	A	387	True	1.0	0.8790189435893572	145.31862063714328	
G	389	GLY	0.14082587145536096	0.14122615811743994	A	388	True	1.0	0.631423804278357	63.2131630362953	
Q	390	GLN	-0.5841311008389287	-0.6089465613640647	A	389	True	1.0	0.8136003110998292	169.5442975493779	
T	391	THR	-0.21629374253747388	-0.2511107378061215	A	390	True	1.0	0.7840120790567363	127.68467760242751	
I	392	ILE	-0.2963997682888277	-0.34752439517334965	A	391	True	1.0	0.6864162808322934	139.84674640885498	
V	393	VAL	-0.7119002978212234	-0.7793294995479627	A	392	True	1.0	0.80015951254376	142.7958264809494	
K	394	LYS	-0.4386506443713789	-0.5864523590648003	A	393	True	1.0	0.6625787406546135	162.8639747048741	
S	395	SER	-0.07814523484667318	0.04463138692025459	A	394	True	1.0	0.7922720006335735	107.37551506506733	
L	396	LEU	-0.07563156275857405	0.06605825448312959	A	395	True	1.0	0.7631326900751491	158.6573467248867	
N	397	ASN	0.022737655811769585	0.14622125167122885	A	396	True	1.0	0.8149841003326644	144.47793635467374	
K	398	LYS	-0.7388008978193649	-0.8869759136743519	A	397	True	1.0	0.7974010818379875	196.00373759923923	
I	399	ILE	-0.6925074426972815	-0.7649243280671553	A	398	True	1.0	0.7531107676816935	153.43472100932274	
Y	400	TYR	-0.15305659465970803	-0.22387623222711778	A	399	True	1.0	0.8186407674152449	201.46184423959662	
V	401	VAL	-0.8217852614941485	-0.897275621099451	A	400	True	0.9990087517475833	0.5994548134611708	106.97822644642979	
P	402	PRO	-0.759193440266354	-0.8806790878426605	A	401	True	0.9465126761447735	0.5705819718796254	94.32809806736499	
P	403	PRO	-0.055397027925317796	0.07413631789316408	A	402	True	1.0	0.6684977579381781	110.51544769435745	
I	404	ILE	0.0859118907009285	0.22266699102245072	A	403	True	1.0	0.8257448417236714	168.2327950306355	
K	405	LYS	0.5921909503952689	0.6292391805116677	A	404	True	1.0	0.7281768599656955	178.98820234551985	
K	406	LYS	0.056895346141397546	-0.13753007222663072	A	405	True	1.0	0.8060781555932086	198.13659009490857	410;
L	407	LEU	-0.9377076583599417	-0.9341479605870124	A	406	True	0.9690793221130717	0.5829936271621894	121.20594916981253	410;411;412;
T	408	THR	-0.3823709411954558	-0.38076524188966093	A	407	True	0.8761224452606909	0.53186734489338	86.6202349097428	411;412;413;
V	409	VAL	-1.3205247192608809	-1.3355806476254855	A	408	True	1.0	0.6062503964582737	108.19096075162636	412;413;
W	410	TRP	-1.2242707954051448	-1.352177180882276	A	409	True	1.0	0.6701640303661694	180.73372266052468	413;414;
G	411	GLY	-0.23591851508087652	-0.988649921961358	A	410	True	0.21993400194287163	0.1709637010685794	17.115535137747727	405;406;414;415;416;
I	412	ILE	-0.7599542250502135	-1.1719780490682512	A	411	True	0.5877809520476946	0.373279523626232	76.04995443418093	406;407;415;416;
K	413	LYS	-0.6975539791439506	-0.5826057785232746	A	412	True	0.9084761929838966	0.5496619061411431	135.1086554475926	406;407;408;416;417;418;
Q	414	GLN	-0.2725476257298139	-0.05897895118565545	A	413	True	0.592028823332719	0.3756158528329954	78.2737236554064	407;408;409;417;418;419;
L	415	LEU	0.21028412400565824	0.35727056640192584	A	414	True	0.7925689911435445	0.4859129451289494	101.02261325726043	409;410;418;419;420;
Q	416	GLN	0.16626207045274816	0.26415009442233184	A	415	True	0.8071198047624717	0.49391589261935936	102.92599685639527	410;411;419;420;
A	417	ALA	-0.3702143362547178	-0.532426698154855	A	416	True	0.6611460655700484	0.41363033606352656	53.59143540960034	410;411;412;420;421;422;
R	418	ARG	-0.4263692439491218	-0.6319841282098005	A	417	True	1.0	0.6614269639472714	180.57802742274365	412;413;421;422;
V	419	VAL	-0.38326888442831497	-0.8366499817225798	A	418	True	0.5504726859430327	0.3527599772686679	62.95326333538466	412;413;414;422;423;
L	420	LEU	-0.04356219581996439	-0.3846506750193787	A	419	True	0.9470323468244646	0.5708677907534555	118.68495504067843	413;414;415;423;424;425;
A	421	ALA	0.26056203949935414	0.17235566967383553	A	420	True	0.908273943564744	0.5495506689606091	71.20176305294478	414;415;416;424;425;
V	422	VAL	0.08383518140985417	-0.11421482669182605	A	421	True	0.9765641937874074	0.5871103065830741	104.77523562457014	416;417;425;426;
K	423	LYS	-0.052910660412892184	-0.167192499506782	A	422	True	0.904821564201365	0.5476518603107506	134.6145797503355	416;417;418;426;427;428;
K	424	LYS	0.5022876183757358	0.6840823453261339	A	423	True	1.0	0.6146240151382584	151.07654971783236	418;419;427;428;
P	425	PRO	0.647053664107173	1.1740096335087498	A	424	True	0.6680898555945343	0.4174494205769938	69.0123625053101	419;420;428;429;430;
F	426	PHE	1.0368798561774408	1.205993142361838	A	425	True	0.9453706113995182	0.569953836269735	130.96347953960705	419;420;421;429;430;431;
R	427	ARG	0.21200308246399144	0.12734129264877542	A	426	True	1.0	0.6480568642853322	176.92781907775856	421;422;430;431;432;
D	428	ASP	0.0278030813076398	0.05518419238050161	A	427	True	0.6922544686904509	0.43073995777974794	72.00206060250488	422;423;431;432;433;
Y	429	TYR	0.46590337259106285	0.3501768101003579	A	428	True	0.8644178173695267	0.5254297995532397	129.30464820443535	422;423;424;432;433;434;
V	430	VAL	0.2458226879405975	0.3556264180354233	A	429	True	0.40782716302004074	0.2743049396610224	48.95224008795432	424;425;433;434;
D	431	ASP	-0.30835871456731884	-0.6003345269946582	A	430	True	0.6445408144204104	0.40449744793122566	67.61538889873574	424;425;426;434;435;436;
R	432	ARG	-0.32007834023604453	-0.5668201011750332	A	431	True	0.8459771880841347	0.515287453446274	140.68007047023693	425;426;427;435;436;437;
F	433	PHE	0.10904716161415368	-0.2084563896183061	A	432	True	0.7789336383801144	0.4784135011090629	109.92942371268947	426;427;428;436;437;438;
Y	434	TYR	0.37759225238492705	0.06222403274424782	A	433	True	0.8626080374623574	0.5244344206042965	129.05969231321518	427;428;429;437;438;439;
K	435	LYS	0.4532770647018284	0.16988170276972175	A	434	True	0.8676689603538214	0.5272179281946017	129.59185384760332	428;429;430;438;439;
T	436	THR	0.003447567463943076	-0.4008267799404288	A	435	True	0.7197558797203802	0.4458657338462091	72.61396093363392	430;431;439;440;441;
L	437	LEU	0.6518118926615506	0.6824192550262775	A	436	True	0.5936874015639295	0.37652807086016116	78.28120255761883	430;431;432;440;441;442;
R	438	ARG	1.9859850828758105	1.5610167329797897	A	437	True	0.9252448753580393	0.5588846814469216	152.58267175893212	431;432;433;441;442;443;
A	439	ALA	1.5798425637329057	1.5824436005426603	A	438	True	0.7810620517185439	0.4795841284451991	62.1366461842224	432;433;434;442;443;
E	440	GLU	1.871959770204349	1.6836451867840347	A	439	True	0.9660590612073182	0.581332483664025	114.10370736058135	433;434;435;443;444;445;
K	441	LYS	2.136051514290823	2.066352262358366	A	440	True	0.8392681996048279	0.5115975097826553	125.75230501660798	435;436;444;445;446;
K	442	LYS	2.5439048451210287	2.0487648912951992	A	441	True	0.926995375413445	0.5598474564773948	137.61229631400437	435;436;437;445;446;
A	443	ALA	1.8813646355626206	2.604328689504148	A	442	True	0.5847154955324416	0.37159352254284284	48.144994517331874	436;437;438;446;447;448;
S	444	SER	1.4349631326450671	1.7383495402553697	A	443	True	0.6483547543768793	0.40659511490728356	55.105266690223274	437;438;439;447;448;449;
R	445	ARG	1.8885180584255685	1.6996267213062208	A	444	True	0.8374942289220311	0.510621825907117	139.40629443201456	439;440;448;449;
E	446	GLU	1.426739061136934	1.7324024870958883	A	445	True	0.6391819664206656	0.401550081531366	78.8160893829439	439;440;441;449;450;
L	447	LEU	1.6958966981922354	1.188247571807136	A	446	True	0.9849609795735778	0.5917285387654677	123.02196087639541	440;441;442;450;451;452;453;456;
E	448	GLU	1.32040345142225	1.0587349639544417	A	447	True	0.9557093167537768	0.5756401242145772	112.98641332478752	442;443;451;452;453;
R	449	ARG	0.6193901349174968	0.2489514522635051	A	448	True	0.9973660775821838	0.598551342670201	163.41217800615107	442;443;444;452;453;455;456;
F	450	PHE	0.1715128850417426	-0.0899768675950717	A	449	True	0.27822980906695843	0.20302639498682712	46.65122231631765	443;444;445;453;454;455;456;457;
A	451	ALA	0.8102295761465699	0.4677916162275541	A	450	True	1.0	0.6320630660208421	81.89236626069798	445;446;454;455;456;
L	452	LEU	0.3825777135697276	0.10532945758982429	A	451	True	1.0	0.7125143717280639	148.13366167106815	446;447;455;
N	453	ASN	-0.26600893284014265	-0.7598171165323494	A	452	True	0.7439595777783924	0.45917776777811575	81.40165713840102	446;447;448;456;457;
P	454	PRO	-0.33169711141627645	-0.4910266648828891	A	453	True	0.9522652180307482	0.5737458699169115	94.85115084338086	446;447;448;449;457;458;
G	455	GLY	0.11401663642740716	0.10714315900021232	A	454	True	0.5063170957168996	0.3284744026442948	32.8842622449659	449;450;458;459;
L	456	LEU	0.6480167773132589	0.8491000175009429	A	455	True	0.6221271382787532	0.39216992605331424	81.53318648528438	448;449;450;451;459;460;
L	457	LEU	0.8821879684166638	1.1450070372826786	A	456	True	0.6368279998583081	0.4002553999220694	83.21417833337802	446;448;449;450;452;460;461;
E	458	GLU	0.7144559319397834	0.49906925496272697	A	457	True	1.0	0.6435803901630837	126.32170154905398	449;452;453;461;462;
K	459	LYS	0.41094386358324914	0.3028712472465862	A	458	True	1.0	0.6124485483171571	150.54181301171184	453;454;462;463;
K	460	LYS	0.5436411272195775	0.556561133871411	A	459	True	0.7788278566529337	0.4783553211591135	117.58126867793781	454;455;463;464;
C	461	CYS	1.2538673986288935	1.364700126173013	A	460	True	0.7770944631091764	0.477401954710047	74.08939381712085	455;456;464;465;
A	462	ALA	0.93596880567994	0.917717487157073	A	461	True	0.7767400764896145	0.47720704206928793	61.8286623158484	456;457;465;466;
A	463	ALA	0.5491297445826313	0.5427381540544586	A	462	True	0.6738083478138887	0.4205945912976387	54.49374938905075	457;458;466;467;
E	464	GLU	0.33860820307242123	0.012224445416529263	A	463	True	1.0	0.6083835161415454	119.41327319485606	458;459;467;
S	465	SER	0.3636468687849844	0.16653216748942637	A	464	True	0.8627641652855165	0.524520290907034	71.08750069822305	459;460;468;
S	466	SER	0.6501526575997375	0.4472022215116006	A	465	True	1.0	0.660834536101417	89.56197950947451	460;461;469;
T	467	THR	0.8190659329167549	0.6872462430375985	A	466	True	1.0	0.6664528373286384	108.53890895904445	461;462;
L	468	LEU	0.5390089805824342	0.5928252317550237	A	467	True	0.8323756948344687	0.5078066321589577	105.57436990375413	462;463;471;472;
P	469	PRO	0.5246030012674703	0.6241604773816531	A	468	True	0.8443571268621117	0.5143964197741614	85.03955316028656	464;472;
N	470	ASN	1.0066087111353252	0.9739236512930373	A	469	True	1.0	0.800927936178394	141.98610174189713	465;473;
K	471	LYS	0.7039301303532915	0.5513742021760172	A	470	True	1.0	0.7152149429017851	175.80212165307606	474;475;
S	472	SER	0.09916717446070453	0.559300904627022	A	471	True	0.15025455035223173	0.13264000269372744	17.97651386907711	467;475;476;
D	473	ASP	0.23405197541676495	0.21371869902198057	A	472	True	0.8431872252244219	0.513752973873432	85.878433359709	467;468;476;477;478;
V	474	VAL	0.436343859351334	0.4734601388710057	A	473	True	0.8372356890211101	0.5104796289616105	91.09978620078584	469;477;478;
L	475	LEU	0.512332597116212	0.5147037625613906	A	474	True	1.0	0.622040606767561	129.3239216566142	470;478;479;
T	476	THR	0.2443103517144568	0.4187557853996697	A	475	True	0.703756614992386	0.4370661382458122	71.18085351439592	470;471;479;480;481;
K	477	LYS	-0.005567695055635935	-0.14264795483304868	A	476	True	0.9879747606204136	0.5933861183412275	145.8562067238524	471;472;480;481;
K	478	LYS	0.037269753501224745	-0.13695063744638888	A	477	True	0.9141060942573037	0.552758351841517	135.86977170937078	472;473;481;482;
A	479	ALA	-0.11995781943056377	-0.2610819295936778	A	478	True	0.8209494903956966	0.5015222197176331	64.97902426660754	472;473;474;482;483;
T	480	THR	0.047326052934785416	-0.027839083598982267	A	479	True	0.8541375110351898	0.5197756310693543	84.65097114133368	474;475;483;484;485;
V	481	VAL	0.032712524856310814	-0.11473489623709267	A	480	True	0.7520515699372814	0.46362836346550473	82.73874684136321	475;476;484;485;
Y	482	TYR	0.20965936952694558	-0.16266667512051378	A	481	True	1.0	0.6355252804065673	156.3983863836214	475;476;477;485;486;
G	483	GLY	-0.09329290249295726	-0.5532921620669001	A	482	True	0.3969208928455084	0.2683064910650296	26.860726264151346	477;478;486;487;
D	484	ASP	-0.060069337178288856	-0.3685104053983865	A	483	True	0.955934159501239	0.5757637877256814	96.24409899243717	478;479;487;488;489;
K	485	LYS	0.7142548047072714	0.32344746964603854	A	484	True	0.8736632314026018	0.5305147772714309	130.402229900605	479;480;488;489;490;
I	486	ILE	1.4521421405629111	1.282798228819162	A	485	True	0.7839328427567542	0.4811630635162148	98.02956428025061	479;480;481;489;490;
Q	487	GLN	2.1755096794460336	1.4533476271193009	A	486	True	1.0	0.6084044387180698	126.78400165424952	481;482;490;491;
G	488	GLY	1.370299315750051	1.538509473596254	A	487	True	0.6389966641127335	0.4014481652620034	40.189818865526206	482;483;491;492;493;
K	489	LYS	2.3298701051943267	1.6891949383446196	A	488	True	0.9405572375266167	0.5673064806396392	139.44574832196136	483;484;492;493;494;
N	490	ASN	2.139476243643593	2.7007358084954487	A	489	True	0.6484170598475583	0.40662938291615697	72.08603711522755	483;484;485;493;494;495;
K	491	LYS	3.346404579825614	3.27320002685256	A	490	True	0.8580041658426997	0.5219022912134847	128.28525326760644	484;485;486;494;495;496;
R	492	ARG	4.021925084362671	3.6520911537959875	A	491	True	1.0	0.7082814610223513	193.369904861803	486;487;495;496;497;
K	493	LYS	3.949821961750497	3.683426399422616	A	492	True	1.0	0.6167048102786709	151.5880158218902	487;488;496;497;
R	494	ARG	3.6378772749017134	3.3843036736914716	A	493	True	1.0	0.6475310658440694	176.78426937307376	487;488;489;497;498;499;
K	495	LYS	2.7099805435556465	3.0537173306865912	A	494	True	0.783668554490346	0.48101770496969026	118.23569113820577	488;489;490;498;499;500;
K	496	LYS	2.4616913710306916	1.9654322670881774	A	495	True	0.9706608822997183	0.583863485264845	143.51551304125175	489;490;491;499;500;
A	497	ALA	1.7947072980250725	1.8175999293579645	A	496	True	0.7428450984335643	0.4585648041384603	59.41330685747382	490;491;492;500;501;
N	498	ASN	0.7676383497826839	1.2302554780601032	A	497	True	0.4496161967633857	0.2972889082198621	52.70248578249249	491;492;493;501;506;507;508;509;
I	499	ILE	0.8274772683870426	0.14070441247691093	A	498	True	1.0	0.6027424360039475	122.79948910228984	493;494;502;505;506;507;
D	500	ASP	0.41998900744591955	-0.0509423378877731	A	499	True	1.0	0.6638777279751983	110.97313713060616	493;494;495;507;
S	501	SER	-0.17714869962242083	-0.5173164853760401	A	500	True	0.6275603392703805	0.3951581865987092	53.55523580826183	494;495;496;505;506;507;508;
V	502	VAL	-0.374679030928883	-0.49948140486127873	A	501	True	0.5427665917290887	0.34852162545099874	62.19689046068488	496;497;505;506;507;508;
D	503	ASP	-0.16929691545217124	0.05687382725519991	A	502	True	0.733432263667823	0.45338774501730256	75.78784206934728	498;506;507;508;
F	504	PHE	-0.8784855019459705	-0.8989353497411605	A	503	True	1.0	0.9555329479358892	219.56150079705546	507;
N	505	ASN	-1.14481499499548	-1.1568975835105562	A	504	True	1.0	0.6549255640895827	116.10323922510895	
G	506	GLY	-0.4228377077355163	-0.43384904897858645	A	505	True	0.8947283925781712	0.5421006159179941	54.27083107084381	498;500;501;
Y	507	TYR	-0.8639007873301089	-0.9342457026184634	A	506	True	0.9695788881061365	0.583268388458375	143.53832584772573	497;498;500;501;502;510;511;
T	508	THR	-0.07624119067594341	-0.40003768200957834	A	507	True	0.20851192390899295	0.16468155814994612	26.820137369235116	497;498;499;500;501;502;503;511;512;
P	509	PRO	-0.8384797524837951	-1.0157973519691406	A	508	True	0.8535245064195617	0.5194384785307589	85.87310177607436	497;500;501;502;512;513;514;
L	510	LEU	-0.481012968673428	-0.635915387219337	A	509	True	1.0	0.6057277732552153	125.93243952474707	497;513;514;
H	511	HIS	0.09924371939540153	0.3270271590018979	A	510	True	0.9255306263282633	0.5590418444805448	118.60128634839207	506;514;515;
Y	512	TYR	0.09508059008810435	0.44779779191918884	A	511	True	1.0	0.6159789617402748	151.5881722294456	506;507;515;516;
K	513	LYS	-0.3251047745815635	-0.22947523602738995	A	512	True	0.9213390926808451	0.5567365009744648	136.84761349632657	507;508;516;517;
K	514	LYS	-0.2539789780059102	-0.16497724626765253	A	513	True	0.9582736249003889	0.5770504936952139	141.8408579118634	508;509;517;518;
A	515	ALA	-0.21100794222492172	-0.30205818637402904	A	514	True	0.5964139369284862	0.3780276653106674	48.97862521724519	508;509;510;518;519;
C	516	CYS	0.2263243137881679	0.5037629176822239	A	515	True	0.43791335339758575	0.29085234436867213	45.138218794372904	510;511;519;520;
M	517	MET	-0.40922712549076384	-0.44444091616917436	A	516	True	0.9330976278703638	0.5632036953287001	121.61820596927949	511;512;520;521;
T	518	THR	-0.2639080297597673	-0.29737515177684337	A	517	True	0.7176357421538747	0.44469965818463103	72.42405315174392	512;513;521;522;
D	519	ASP	-0.28969336591653955	-0.311135301605568	A	518	True	0.750954700256249	0.4630250851409369	77.39881020707386	513;514;522;523;
Y	520	TYR	-0.06327478869201662	-0.13478143834081377	A	519	True	1.0	0.6747375007364403	166.04824324248287	514;515;523;
D	521	ASP	-0.18105695936947505	-0.3276690523421214	A	520	True	1.0	0.636295516145567	106.36252218337683	515;516;524;
T	522	THR	-0.1451987527181495	0.2962813244180602	A	521	True	1.0	0.7061279879293134	115.00042779096074	516;517;
L	523	LEU	-0.7009059366699154	-0.7396908497664016	A	522	True	1.0	0.6193339388612152	128.76119809088158	517;518;527;528;
I	524	ILE	-0.22169079866854136	-0.29686770943669427	A	523	True	1.0	0.6506283139328577	132.55549928778518	518;519;527;528;
D	525	ASP	-0.39629137648731416	-0.7385310898894161	A	524	True	0.6803005035020905	0.4241652769261497	70.90304352569825	520;528;529;
V	526	VAL	-0.737856176270441	-0.9592633441869896	A	525	True	0.9282419257432982	0.560533059158814	100.03228131103464	529;530;
Q	527	GLN	-0.6822817111703801	-0.7245617472252099	A	526	True	1.0	0.658976836092004	137.3226672264897	530;531;
S	528	SER	0.015535166274046565	0.13463781019536894	A	527	True	0.5269505586984379	0.33982280728414077	46.055709319289406	522;523;531;532;
L	529	LEU	0.13272401122482752	0.23813015609026997	A	528	True	0.8903303830672391	0.5396817106869815	112.2012847924423	522;523;524;532;533;
H	530	HIS	0.45893769285859914	0.7721611336898131	A	529	True	0.8703939903594389	0.5287166946976913	112.16777549680991	524;525;533;534;
K	531	LYS	-0.005078055309354471	0.30122297060419556	A	530	True	1.0	0.6258517597493928	153.83636527203194	525;526;534;535;
K	532	LYS	-0.03334945086847816	0.13814573206052796	A	531	True	1.0	0.601403885776224	147.82699961623032	526;527;535;536;
A	533	ALA	0.5081595589162075	0.9149494787355016	A	532	True	0.6216585475122608	0.3919122011317434	50.77755566255276	527;528;536;537;
Y	534	TYR	0.40561882217271267	0.3351307692071997	A	533	True	0.9994649193031994	0.5997057056167596	147.5834361829158	528;529;537;538;
A	535	ALA	0.04422923739022637	0.03303101313561768	A	534	True	0.6404917015364313	0.4022704358450372	52.11960584165206	529;530;538;539;
E	536	GLU	-0.13239272174305342	-0.12304402122136032	A	535	True	0.968140985483605	0.5824775420159828	114.32845895588028	530;531;539;540;
V	537	VAL	-0.2814786939686503	-0.47019649941301567	A	536	True	0.7098480886882143	0.44041644877851777	78.59636711585526	531;532;540;541;
N	538	ASN	-0.24205269525136813	-0.4541426564765994	A	537	True	0.7226592510814116	0.44746258809477635	79.32482522967766	532;533;541;542;543;
N	539	ASN	-0.0019296247144284509	0.09028071105667505	A	538	True	0.8151426474736084	0.4983284561104846	88.34217371389838	533;534;542;543;544;
I	540	ILE	-0.7410018814657998	-0.9019825320951252	A	539	True	0.7474644867564361	0.4611054677160398	93.94313802294027	534;535;543;544;
I	541	ILE	-0.2625333222621362	-0.3428308146446059	A	540	True	0.5549979814581243	0.3552488898019683	72.37649046424809	535;536;544;545;
D	542	ASP	-0.13566445471229072	-0.17709511167546899	A	541	True	0.7696997278508835	0.47333485031798583	79.12218024430419	536;537;545;546;
I	543	ILE	-0.5230996834578656	-0.7567841995293763	A	542	True	0.8175782280223615	0.4996680254122987	101.79966529016451	537;538;546;547;
Q	544	GLN	-0.3869732364353012	-0.4090925792053777	A	543	True	0.7630188612021626	0.46966037366118935	97.87144504839583	537;538;539;547;548;549;
K	545	LYS	-0.2962118736385782	-0.3487753277422628	A	544	True	0.7860373877182227	0.4823205632450224	118.5559378714289	538;539;540;548;549;550;
L	546	LEU	-0.2039223558463684	-0.2600216942171973	A	545	True	0.8229093048708582	0.502600117678972	104.491921485776	540;541;549;550;
N	547	ASN	0.34597155365570276	0.718078399968453	A	546	True	0.7274774700077618	0.4501126085042689	79.79461289781126	541;542;550;551;
I	548	ILE	0.07041787026170598	0.24297329937458573	A	547	True	1.0	0.6078074585673071	123.83140944822689	542;543;551;552;
K	549	LYS	-0.008808733636134214	-0.14129513816279982	A	548	True	1.0	0.6797517441708247	167.08515392277008	543;544;552;
K	550	LYS	-0.019230345109699565	0.1024863703982695	A	549	True	1.0	0.673041205528143	165.43568205067524	543;544;545;
C	551	CYS	0.3449842194310598	0.43488397657441613	A	550	True	1.0	0.6195142275838249	96.14420956999379	544;545;546;
S	552	SER	0.9625695032557553	1.061839525707668	A	551	True	1.0	0.7615678397523075	103.21422312665459	546;547;
A	553	ALA	0.6284157489540073	0.6726684565230945	A	552	True	1.0	0.6539687095924734	84.73054030215539	547;548;556;
P	554	PRO	0.21129158911063387	0.20531116382106926	A	553	True	1.0	0.7082930058628424	117.09436226553981	
P	555	PRO	0.6209139568758598	0.5985315435328439	A	554	True	1.0	0.8041697293476568	132.9446159029982	
G	556	GLY	0.25980870000434014	0.24527157031771357	A	555	True	1.0	0.7480809042629264	74.89195029566051	
Q	557	GLN	0.008670521811740817	-0.02055607943521289	A	556	True	1.0	0.7685574351575433	160.15791623037958	552;
H	558	HIS	-0.5310250479553711	-0.5660629454039393	A	557	True	1.0	0.8284924840335082	175.7655089801928	
M	559	MET	-0.7307468543398181	-0.7503957922418883	A	558	True	1.0	0.8615643963924103	186.0462157569771	
L	560	LEU	-1.3225095495660468	-1.33263666204993	A	559	True	1.0	0.8706471059480587	181.00988407378748	
L	561	LEU	-1.899383919720557	-1.9150730679502772	A	560	True	1.0	0.7371307464729276	153.25147244473715	
Q	562	GLN	-1.66023127555614	-1.6635958950348477	A	561	True	1.0	0.7712541450483442	160.71987740209084	
I	563	ILE	-1.5545797693775631	-1.5596283247833274	A	562	True	1.0	0.6801562254968602	138.5713565391126	
V	564	VAL	-1.4375093313876937	-1.4379490953634368	A	563	True	1.0	0.615201059029968	109.78828883364088	
N	565	ASN	-1.2675981741755928	-1.2675981741755928	A	564	True	1.0	0.7951697997176934	140.96531658455353	
T	566	THR	-1.6441263258726873	-1.6441263258726873	A	565	True	1.0	0.8771510388423333	188.13845973431825	
