res1letter	pdb_id	resname	Structurally_corrected_score	intrinsic_score	chain	overall_id	ok	exposure_weight	solvent_exposure	SASA	contacts
G	1	GLY	-0.8752919236098229	-1.002981635660956	A	0	True	0.8970658090281535	0.5433861949654843	83.00876191531732	4;5;33;34;
I	2	ILE	-0.9491372578178954	-1.001684995226895	A	1	True	1.0	0.696998551469936	142.0027210843068	5;6;
I	3	ILE	-0.8566516721450285	-1.203061039003982	A	2	True	0.8837685351153154	0.5360726943134234	109.21655594686759	6;7;8;32;33;34;
N	4	ASN	-0.2032880440312431	-0.9779772840141157	A	3	True	0.29092865156211056	0.2100107583591608	37.230077209636946	7;8;31;32;33;34;35;37;
T	5	THR	-0.6569761959928371	-0.6201414604561704	A	4	True	0.9158009057782297	0.5536904981780263	90.17436674757228	0;8;9;32;33;
L	6	LEU	-0.5641494756123986	-0.5748872141230953	A	5	True	0.7235808983014563	0.44796949406580094	93.134067333914	0;1;9;10;11;32;33;
Q	7	GLN	-0.20376867091900439	-0.5441239707082635	A	6	True	0.3329209744127101	0.23310653592699057	48.576534876792934	1;2;10;11;17;30;31;32;33;34;37;38;39;
K	8	LYS	-0.5167971672939607	-1.195757387980097	A	7	True	0.4249058485698412	0.2836982167134126	69.73392950245031	2;3;11;12;15;16;17;30;31;32;33;37;38;39;
Y	9	TYR	-0.2932792145443708	-0.48396609732195456	A	8	True	0.8750842795797623	0.5312963537688692	130.7483667176777	2;3;4;12;13;14;32;
Y	10	TYR	-0.28908438478897686	-0.6672050832718609	A	9	True	0.872982503731664	0.5301403770524151	130.4638888239977	4;5;13;14;15;30;31;32;39;
C	11	CYS	0.0	-0.16409951136104117	A	10	True	0.0	0.02279183570907887	3.5371310800155062	5;6;14;15;16;17;29;30;31;32;38;39;40;41;
R	12	ARG	-0.15113558728033571	-0.4782146167126622	A	11	True	1.0	0.6642770735933295	181.356143837521	5;6;7;15;16;17;32;39;41;
V	13	VAL	0.17970980599743774	0.10546523838775564	A	12	True	0.8902317036268137	0.5396274369947475	96.30148070413304	7;8;16;
R	14	ARG	1.0356394890072822	1.0831007604323033	A	13	True	0.8043360983618617	0.4923848540990239	134.427367695166	8;9;29;39;40;41;
G	15	GLY	1.400310925939332	1.0776511524972379	A	14	True	1.0	0.6398506819513236	64.0567954565791	8;9;10;40;41;42;
G	16	GLY	0.12655381955999284	0.4577723436456964	A	15	True	0.1576685608960455	0.13671770849282502	13.687096904404548	7;9;10;11;26;27;28;29;30;39;40;41;42;
R	17	ARG	0.5403030374434747	0.4098405647622753	A	16	True	0.770490700027422	0.47376988501508205	129.3452428636456	7;10;11;12;22;28;29;31;32;38;39;40;41;42;
C	18	CYS	-0.07477762567200313	-0.48280175848682205	A	17	True	0.41535699172414886	0.27844634544828184	43.21289584452066	6;7;10;11;21;22;28;30;31;32;33;37;38;39;40;41;
A	19	ALA	-0.007815368988976312	-0.556546877720698	A	18	True	0.03189312602511039	0.06754121931381071	8.750883522686847	22;23;28;31;32;36;37;38;39;40;41;
V	20	VAL	-0.6977507240650327	-1.185141875116565	A	19	True	1.0	0.7630190751283863	136.16777373215172	32;36;37;38;39;
L	21	LEU	-1.6193811484886882	-2.0639124690764046	A	20	True	1.0	0.7654080098645962	159.1303918524762	36;37;38;
S	22	SER	-0.8510659407100889	-1.400015751515896	A	21	True	0.9361412900972851	0.5648777095535068	76.5570851469934	17;26;27;28;36;37;38;39;40;
C	23	CYS	-0.01483073930341357	-0.8898264931739275	A	22	True	0.2814590982938889	0.20480250406163888	31.783894532587517	16;17;18;26;27;28;29;38;39;40;41;42;
L	24	LEU	0.3897541288177526	0.13362985905899116	A	23	True	0.6580511256717084	0.41192811911943955	85.64096817085311	18;27;28;40;41;42;
P	25	PRO	1.2223466274237134	1.0381278280306219	A	24	True	1.0	0.742705763785575	122.78344843384383	42;43;
K	26	LYS	1.959839852521521	1.0227875078769142	A	25	True	1.0	0.6410692469191094	157.57687231430722	40;41;42;43;44;45;46;47;
E	27	GLU	0.183055848892321	1.0283934306775415	A	26	True	0.08698390268169821	0.09784114647493401	19.204221093641458	15;21;22;39;40;41;42;43;44;46;
E	28	GLU	1.4041420309882184	1.4758042305025698	A	27	True	0.6082663744359491	0.38454650593977197	75.47863436725606	15;21;22;23;39;40;41;42;43;44;
Q	29	GLN	1.3699824461772379	1.6673000340026995	A	28	True	0.6517370207709428	0.40845536142401845	85.11707331981992	15;16;17;18;21;22;23;38;39;40;41;42;43;
I	30	ILE	0.2663677063324998	0.7374708227380941	A	29	True	0.2443278219275229	0.18438030206013756	37.5646470881013	10;13;15;16;22;38;39;40;41;42;
G	31	GLY	0.2564525844808297	0.3146398552525596	A	30	True	0.437562650420058	0.29065945773103186	29.098528698314833	6;7;9;10;15;17;37;38;39;40;41;
K	32	LYS	0.5783534334161338	-0.2649640350262617	A	31	True	0.7841592169248314	0.4812875693086572	118.30202465628973	3;6;7;9;10;16;17;18;35;36;37;38;39;40;
C	33	CYS	0.0	0.295486274928547	A	32	True	0.0	0.0	0.0	2;3;4;5;6;7;8;9;10;11;16;17;18;19;36;37;38;39;40;
S	34	SER	0.0	0.9459710986507083	A	33	True	0.0	0.04148190473756363	5.621984474415366	0;2;3;4;5;6;7;17;37;38;39;
T	35	THR	1.2070515366709678	1.3727482679310314	A	34	True	0.8844732556183069	0.5364602905900687	87.36824480167294	0;2;3;6;38;
R	36	ARG	1.6805843820165853	1.4095331214927254	A	35	True	1.0	0.8065977907620235	220.2115213297542	3;31;
G	37	GLY	1.0561511894387912	1.4520152924410799	A	36	True	0.7539487348056224	0.4646718041430923	46.51927012355367	18;19;20;21;31;32;
R	38	ARG	0.3422401227909885	0.9255281464865922	A	37	True	0.6974022348009222	0.43357122914050716	118.37049526709147	3;6;7;17;18;19;20;21;30;31;32;33;
K	39	LYS	0.6371463281549374	1.6225807247748958	A	38	True	0.4502301573738356	0.29762658655560953	73.1575673804458	6;7;10;16;17;18;19;20;21;22;28;29;30;31;32;33;34;
C	40	CYS	0.0	1.6675399902391899	A	39	True	0.0	0.013658673230735314	2.1197291088301826	6;7;9;10;11;13;15;16;17;18;19;21;22;26;27;28;29;30;31;32;33;
C	41	CYS	0.0	2.012990341217439	A	40	True	0.0	0.01134479730215786	1.7606319932340546	10;13;14;15;16;17;18;21;22;23;25;26;27;28;29;30;31;32;
R	42	ARG	1.0750048257388523	1.9255946413513187	A	41	True	0.3837407428095292	0.261057408545241	71.27201406768017	10;11;13;14;15;16;17;18;22;23;25;26;27;28;29;30;
R	43	ARG	2.9233258214980538	1.9195694700125647	A	42	True	1.0	0.6001710449511526	163.85437746104006	14;15;16;22;23;24;25;26;27;28;29;46;47;
K	44	LYS	1.4229956742057714	2.2613048004089196	A	43	True	0.48953061720805424	0.3192418394644298	78.47066571424313	24;25;26;27;28;47;48;
K	45	LYS	2.7550331429928123	2.601306164644117	A	44	True	1.0	0.628091530944532	154.38690819906498	25;26;27;48;49;
E	46	GLU	1.7766392503345028	1.9513306574239162	A	45	True	1.0	0.7044551404509984	138.27017318566578	25;49;50;
A	47	ALA	0.7543678272780308	1.8251684283833483	A	46	True	0.35377278310759835	0.24457503070917908	31.688021448791797	25;26;42;50;51;
A	48	ALA	0.7207529753921835	1.0710434843740395	A	47	True	0.48277690600643913	0.3155272983035415	40.88085266648073	25;42;43;51;52;
A	49	ALA	0.3471466976222463	0.13777880092688552	A	48	True	0.6338797946610487	0.3986338870635767	51.64844148995043	43;44;52;53;54;
K	50	LYS	-0.5149145397719858	-0.9046273243529677	A	49	True	1.0	0.6454570446141656	158.65540702870467	44;45;53;54;
M	51	MET	-0.6167421390701072	-0.7121449584107338	A	50	True	1.0	0.6104855878204377	131.82825783394532	45;46;54;55;
I	52	ILE	-0.4964199480652724	-0.5213965586296573	A	51	True	0.9006691986374067	0.5453680592505736	111.11034340419192	46;47;55;56;
V	53	VAL	-0.6995787019481939	-0.8076602381390802	A	52	True	0.806789536445382	0.49373424504496	88.11141838332753	47;48;56;57;
G	54	GLY	-1.35486491944045	-1.747736931505066	A	53	True	0.6619807933508132	0.4140894363429472	41.455363060108766	48;49;57;58;
G	55	GLY	-1.1032745036790201	-1.3871179720832265	A	54	True	0.5860624063819263	0.3723343235100594	37.275171028671416	48;49;50;58;59;
L	56	LEU	-1.2733082221125338	-1.2713615298729455	A	55	True	0.8584294092492333	0.5221361750870782	108.55352056827631	50;51;59;60;
I	57	ILE	-0.8861649639007207	-0.7897211012855146	A	56	True	1.0	0.6003265787180208	122.30729538448446	51;52;60;61;
G	58	GLY	-0.6687466876751457	-0.9710565419060233	A	57	True	0.5370477533295847	0.3453762643312715	34.576343112358686	52;53;61;
L	59	LEU	-1.7580314386455984	-1.5282314856858927	A	58	True	1.0	0.6380277304094687	132.64768782700065	53;54;62;63;
A	60	ALA	-0.9256095754247248	-0.7162967071098829	A	59	True	1.0	0.6715893017546989	87.0135276568251	54;55;63;
A	61	ALA	-0.14473782939539967	-0.005863072789485823	A	60	True	1.0	0.6507793074066719	84.31730987311508	55;56;
Y	62	TYR	-0.5960224363345384	-0.5738931092706424	A	61	True	1.0	0.6994366361596656	172.1265300461042	56;57;
K	63	LYS	-0.7621180764000401	-0.7785589627834205	A	62	True	1.0	0.7618040178133378	187.25386535137545	58;
P	64	PRO	-0.3407683723670674	-0.22700222602527165	A	63	True	1.0	0.802728606539048	132.70637077728952	58;59;
C	65	CYS	-0.3829114019493207	-0.4659534002802588	A	64	True	1.0	0.6634784345313638	102.9671423423825	
V	66	VAL	-0.10565206830966761	-0.18685671323358108	A	65	True	1.0	0.8908326803722826	158.97728747309327	
K	67	LYS	-0.3000260426726523	-0.4532846258408656	A	66	True	1.0	0.7116325088835704	174.92154790761003	
L	68	LEU	-0.9351238136043012	-1.0153880250663827	A	67	True	1.0	0.8754139844604609	182.00093098708788	
T	69	THR	-0.5740361033225476	-0.6410789017854286	A	68	True	1.0	0.6105060812679229	99.4273866989427	
P	70	PRO	-0.21423153337303436	-0.1962233267596925	A	69	True	1.0	0.7916077246509634	130.86787659234508	93;
L	71	LEU	-1.0814352786922505	-1.127830627354299	A	70	True	1.0	0.7042824237863651	146.42221746772952	93;
A	72	ALA	-0.6916315898212656	-0.7375684135063549	A	71	True	1.0	0.6725702685138302	87.1406252416185	95;96;
A	73	ALA	-0.9325996151542679	-0.9184194460973087	A	72	True	1.0	0.7458487845367736	96.63485358020873	95;96;97;
Y	74	TYR	-1.6975878991278575	-1.6885324231371444	A	73	True	1.0	0.7127435405884975	175.40126740839918	96;97;98;
S	75	SER	-0.8653945898429903	-0.8523957681593818	A	74	True	1.0	0.6289601570074822	85.24208953500425	96;97;98;
L	76	LEU	-0.7114952556813071	-0.7257141531549024	A	75	True	1.0	0.7241953557063643	150.56216977881354	
W	77	TRP	-0.5297309152725711	-0.5762609344488995	A	76	True	1.0	0.8869333002035613	239.19331661203756	80;
D	78	ASP	-0.3642674120612983	-0.4731849456870934	A	77	True	1.0	0.6146593971066099	102.7458501609438	
Q	79	GLN	-0.15084920292074575	-0.16991749882091572	A	78	True	1.0	0.7766268723330924	161.83948768368674	
S	80	SER	0.33689432236444694	0.33434574345742474	A	79	True	1.0	0.9220777298526539	124.9679038181084	
L	81	LEU	0.8450361654955632	0.8880692691637045	A	80	True	1.0	0.6006967314342053	124.88647234634617	76;
K	82	LYS	0.4169695459068511	0.42105510525352663	A	81	True	1.0	0.7588336564391379	186.5237410204407	
P	83	PRO	0.015622512693181635	-0.026598369382266264	A	82	True	1.0	0.8056098076236227	133.18268834751044	
A	84	ALA	0.21918447798817275	0.3755051486698807	A	83	True	0.9504037650510716	0.5727220707780893	74.20393328946406	
A	85	ALA	0.7473965427483176	0.9264616225736726	A	84	True	1.0	0.8052878886049105	104.3359978840512	
Y	86	TYR	-0.06629888496431198	-0.09682716470815164	A	85	True	1.0	0.7857504567513767	193.3677657283622	
K	87	LYS	-0.8002695496089337	-0.8801929507032374	A	86	True	1.0	0.7639494417146871	187.7812174116836	111;
P	88	PRO	-0.4368496054102027	-0.7406481100609911	A	87	True	0.6814223867382757	0.4247823127060516	70.22462963248302	109;110;111;112;113;
V	89	VAL	-0.737875116196191	-0.8355331052867191	A	88	True	0.9884267339976917	0.5936347036987304	105.93957431431247	111;112;113;
V	90	VAL	-0.1937115233352315	-0.3860218097639755	A	89	True	1.0	0.7145333950243613	127.51505804933151	111;112;113;114;115;116;
S	91	SER	-0.7091849644627354	-1.1979565883399843	A	90	True	0.7867005279493776	0.4826852903721576	65.41766164473201	112;113;114;115;116;117;
T	92	THR	-0.6772153680341929	-1.7600599875655014	A	91	True	0.4040172678003523	0.2722094972901937	44.33220205437932	113;115;116;117;118;119;
Q	93	GLN	-1.310194353527133	-1.2908050315577666	A	92	True	1.0	0.6066753927583549	126.42368974351024	116;117;118;119;120;
L	94	LEU	-0.9374968569040933	-0.8146142109054022	A	93	True	1.0	0.7870691791838395	163.63380743910403	69;70;117;118;119;120;121;
L	95	LEU	-1.2309045947964805	-1.3411454800287357	A	94	True	0.7978711885252435	0.48882915368888386	101.62890089063391	116;117;118;119;120;121;
A	96	ALA	-0.8171985999988387	-1.0609616929569967	A	95	True	0.5310059714743167	0.3420532843108742	44.31765490714038	71;72;105;118;119;120;121;122;123;
A	97	ALA	-0.41063741568101836	-0.8724177854419498	A	96	True	0.27425978675720186	0.20084288271646103	26.02192691912247	71;72;73;74;103;104;105;120;121;122;123;
Y	98	TYR	-0.5578431054638899	-0.07707954012273267	A	97	True	1.0	0.6273464431881914	154.38563097815592	72;73;74;101;103;121;122;123;124;
G	99	GLY	0.18081935142047376	0.7464174381776912	A	98	True	0.2719859649139667	0.19959228070268165	19.981602364934936	73;74;102;103;122;123;124;125;
P	100	PRO	0.9559215758880015	1.0170552594103133	A	99	True	1.0	0.7004791259371524	115.80257866871669	103;123;124;125;
K	101	LYS	0.39525384212532677	0.4792169351372051	A	100	True	1.0	0.8593792161922631	211.23816135355008	123;124;125;126;
E	102	GLU	1.0823159756546588	1.4625497745684124	A	101	True	0.8327894931661421	0.5080342212413781	99.71675373156918	97;123;124;125;126;
P	103	PRO	1.3360777449524441	1.7696553654209557	A	102	True	1.0	0.6488183942669952	107.2620730036648	98;123;124;125;126;127;128;129;
F	104	PHE	0.31500621292315845	1.1044759774336337	A	103	True	0.3472512818105995	0.2409882049958297	55.374052854557256	96;97;98;99;123;124;125;126;127;128;129;130;
R	105	ARG	0.32753401728993176	0.6278513497826408	A	104	True	0.7757108918018247	0.47664099049100356	130.12909140872227	96;123;125;127;128;129;130;131;
D	106	ASP	-0.11231328804528527	0.02175482344853566	A	105	True	0.3262824591927059	0.22945535255598823	38.35552727790643	95;96;121;128;129;130;131;132;154;
Y	107	TYR	-0.8548997359036931	-0.6322776392170623	A	106	True	1.0	0.6620948372943032	162.93697100375067	129;130;131;132;133;
A	108	ALA	-0.08290936770332422	0.12046075636753018	A	107	True	0.3541483255622595	0.2447815790592427	31.7147825966001	116;119;130;131;132;133;134;156;
A	109	ALA	-0.8275597899917359	-0.8063177447916581	A	108	True	1.0	0.6670324678413825	86.42312785041375	113;131;132;133;134;135;
Y	110	TYR	-0.1209683783242229	-0.7718861310201061	A	109	True	0.21878869666193673	0.1703337831640652	41.917968733572614	87;113;114;115;116;132;133;134;135;136;
G	111	GLY	-0.03490541948786975	-0.5961074182154902	A	110	True	0.5299402941592574	0.3414671617875915	34.18499464759554	87;114;115;133;134;135;136;
I	112	ILE	0.15081238462564994	-0.0007797583796675062	A	111	True	1.0	0.6173676295908231	125.77914706763453	86;87;88;89;135;136;
D	113	ASP	0.5133853241378354	0.6008644924717982	A	112	True	1.0	0.6569869106113986	109.82127499089077	87;88;89;90;
L	114	LEU	0.017868859110936275	0.540518251411211	A	113	True	0.14118313706630642	0.12765072538646852	26.538930464805347	87;88;89;90;91;108;109;136;138;
D	115	ASP	0.9033543786200086	0.6319261623618717	A	114	True	0.8922236470520136	0.5407230058786074	90.38671693966214	89;90;109;110;134;136;137;138;139;140;
D	116	ASP	1.0547774940586774	1.1410411865650227	A	115	True	0.8493356984895609	0.5171346341692584	86.44370831309907	89;90;91;109;110;138;139;140;141;
V	117	VAL	-0.02300273086685513	0.07373376675393253	A	116	True	0.0671426406412674	0.08692845235269707	15.513182064100437	89;90;91;92;94;107;109;138;139;140;141;
P	118	PRO	-0.1485553105083974	0.276271651624617	A	117	True	0.5116471325773185	0.33140592291752513	54.78772891139463	90;91;92;93;94;140;141;142;143;
S	119	SER	-0.4918452527781101	-0.3432076797416123	A	118	True	0.6382604289779451	0.4010432359378697	54.352828306129176	91;92;93;94;95;140;141;142;143;
V	120	VAL	-1.0700616073314797	-1.321062997929831	A	119	True	0.5287173625736337	0.34079454941549847	60.81792265305033	91;92;93;94;95;107;140;141;142;143;144;145;
A	121	ALA	-0.698672755839534	-0.947931584405794	A	120	True	0.43760065041237617	0.29068035772680684	37.66159359637291	92;93;94;95;96;142;143;144;145;
A	122	ALA	-0.5567752063373201	-1.0989651758494783	A	121	True	0.38557699090284003	0.262067344996562	33.95438866019656	93;94;95;96;97;105;128;130;143;144;145;146;
Y	123	TYR	-1.07505512127967	-1.737985525593917	A	122	True	0.6968904951106274	0.43328977231084503	106.62962326627002	95;96;97;98;144;145;146;147;
T	124	THR	-0.2516950346379324	-1.7884861038929347	A	123	True	0.17907599276436995	0.14849179602040347	24.18346299496052	95;96;97;98;99;100;101;102;103;104;128;145;147;149;
S	125	SER	-0.6253267268969539	-1.636555790670991	A	124	True	0.7974103229984698	0.4885756776491583	66.21597758584173	97;98;99;100;101;102;103;128;145;147;148;149;150;
V	126	VAL	-0.011048537984688162	-1.636555790670991	A	125	True	0.016886909582288466	0.05928780027025866	10.580453405990145	98;99;100;101;102;103;104;129;148;149;150;151;152;
F	127	PHE	-0.4871511395975737	-1.3360322360614396	A	126	True	0.9597355541587761	0.5778545547873268	132.77889952993266	100;101;102;103;148;149;150;151;152;
S	128	SER	-0.8211950422684788	-1.7381456554219665	A	127	True	0.7428906828992723	0.4585898755945997	62.15204381351027	102;103;104;149;150;151;152;153;
A	129	ALA	-0.3706102470338899	-2.2701265324803654	A	128	True	0.18484692166261	0.15166580691443549	19.650367940739155	102;103;104;105;121;123;124;149;150;151;152;153;154;
T	130	THR	-0.10123870643539416	-1.7884861038929336	A	129	True	0.05379469763241004	0.07958708369782552	12.961600203278083	102;103;104;105;106;125;151;152;153;154;155;
V	131	VAL	-0.5525506243639643	-1.2508954890714197	A	130	True	0.36771670126251954	0.2522441856943857	45.015295583671524	103;104;105;106;107;121;152;153;154;155;156;
Y	132	TYR	-0.8328758869240512	-1.7650412856150572	A	131	True	0.3685429235233985	0.25269860793786914	62.18738379311482	104;105;106;107;108;153;154;155;156;157;
A	133	ALA	-0.291502117487037	-1.453533087304217	A	132	True	0.18830792377660924	0.15356935807713507	19.8969988821627	105;106;107;108;109;154;155;156;157;158;
A	134	ALA	-0.33763035635277644	-0.7880177275476111	A	133	True	0.7653573964083072	0.4709465680245689	61.01753276090804	106;107;108;109;110;155;156;157;158;159;
Y	135	TYR	0.00797848105279478	0.37381876135447717	A	134	True	0.03203145607436062	0.06761730084089834	16.64015117756928	107;108;109;110;114;138;156;157;158;159;
N	136	ASN	1.4203731316595811	1.3632662188962603	A	135	True	1.0	0.7519125341000744	133.2967983076589	108;109;110;111;157;158;159;
K	137	LYS	1.9293158442112104	2.024388651438189	A	136	True	0.8592912182429085	0.5226101700335997	128.4592521468029	109;110;111;113;114;158;159;160;161;162;
R	138	ARG	1.9625090434774854	1.583991846541143	A	137	True	1.0	0.6527319028229643	178.20416443902542	114;158;159;160;161;162;163;
K	139	LYS	0.06147982631250842	1.5755224537697614	A	138	True	0.03454809013561113	0.06900144957458612	16.96077711007191	113;114;115;116;134;158;159;161;162;163;164;
R	140	ARG	1.508388088288604	1.450923158740293	A	139	True	0.8864544227715597	0.5375499325243578	146.758012218286	114;115;116;158;161;162;163;164;165;
V	141	VAL	0.08732082892211883	0.5977447564738994	A	140	True	0.21064052409704695	0.1658522882533758	29.597866679866843	114;115;116;117;118;119;162;163;164;165;166;
I	142	ILE	-0.39222635488272495	-0.07452460138975328	A	141	True	0.7179532021305677	0.44487426117181217	90.63627965013468	115;116;117;118;119;163;164;165;166;167;168;
G	143	GLY	-0.39353191809744426	-0.6685635090962578	A	142	True	0.30870737928193126	0.21978905860506215	22.003544213975843	117;118;119;120;164;165;166;167;168;169;
L	144	LEU	-1.6508001574382947	-1.6739424897193222	A	143	True	0.7735043696796015	0.47542740332378075	98.842640805003	117;118;119;120;121;165;166;167;168;169;
A	145	ALA	-0.4011269130066758	-0.584808724860045	A	144	True	0.4526753600459593	0.2989714480252776	38.73581710336786	119;120;121;122;166;167;168;169;170;
A	146	ALA	-0.007235837937225156	0.44947567829089724	A	145	True	0.4378139733796077	0.2907976853587842	37.676794986751375	119;120;121;122;123;124;149;168;169;
Y	147	TYR	0.20663100465842787	0.22861830487589774	A	146	True	1.0	0.6475133982386325	159.34857946407962	121;122;168;169;170;171;172;
R	148	ARG	0.7835815083888856	1.1187835336090557	A	147	True	0.7905244436275651	0.48478844399516074	132.35345050276203	122;123;124;171;172;
R	149	ARG	1.155208234624097	1.1757181908595429	A	148	True	1.0	0.7028467296383532	191.8861536294098	124;125;126;171;172;173;
T	150	THR	0.07323764132483361	0.6435771839730923	A	149	True	0.3997009734908305	0.26983553541995675	43.94557719981541	123;124;125;126;127;128;145;171;172;173;174;
R	151	ARG	0.5492311285234622	0.7220060823013051	A	150	True	0.992964341080623	0.5961303875943427	162.75122628221678	124;125;126;127;128;172;173;174;175;176;
H	152	HIS	-0.15764136644787144	0.22272234104507668	A	151	True	0.6429715378344383	0.403634345808941	85.63143009771264	125;126;127;128;129;173;174;175;176;177;
F	153	PHE	-0.47741916347199553	-0.8037119429634707	A	152	True	0.408486325469956	0.27466747900847577	63.112846125836455	125;126;127;128;129;130;173;175;176;177;178;
L	154	LEU	-0.36315960247111917	-0.7845021851996806	A	153	True	0.3117517569036311	0.2214634662969971	46.0428525945047	127;128;129;130;131;176;177;178;179;180;
S	155	SER	-0.5328824512759247	-1.416766466630917	A	154	True	0.26198754177012284	0.19409314797356755	26.30517261445045	105;128;129;130;131;132;176;177;178;179;180;
Y	156	TYR	-1.631088487961307	-1.8320771107033924	A	155	True	0.6787119065365667	0.4232915485951116	104.16912939757165	129;130;131;132;133;178;179;180;181;
A	157	ALA	-0.310471038319946	-1.0186484586005602	A	156	True	0.2163820686709014	0.16901013776899576	21.89756188584706	107;130;131;132;133;134;164;178;179;180;181;182;
A	158	ALA	0.07524461479248883	-0.1438412158662242	A	157	True	0.6670336383930761	0.4168685011161918	54.01098373121783	131;132;133;134;135;162;179;180;181;182;
Y	159	TYR	0.10410878178352052	-0.07071537026133255	A	158	True	0.11810604389659941	0.11495832414312968	28.290450359187624	132;133;134;135;136;137;138;139;162;163;164;180;181;182;183;
N	160	ASN	0.9053526245663518	0.47117388486082196	A	159	True	0.6412233775963464	0.40267285767799044	71.3846361905811	133;134;135;136;137;138;163;181;182;183;
R	161	ARG	0.9073068480081001	-0.06096712202562652	A	160	True	1.0	0.6593209254802344	180.00305196395016	136;137;182;183;184;185;
G	162	GLY	0.5074742273492462	-0.4494870786334645	A	161	True	0.8303630329198729	0.50669966810593	50.72676784338768	136;137;138;139;182;183;185;187;
S	163	SER	0.08800720506763568	-0.053745481236905555	A	162	True	0.08384481784298374	0.09611464981364105	13.026283928733035	136;137;138;139;140;157;158;182;187;
F	164	PHE	0.2996014141411054	-0.08508072686353496	A	163	True	0.5396679658001058	0.3468173811900581	79.69138571420848	137;138;139;140;141;158;159;182;187;188;189;
I	165	ILE	-0.17554960003141104	-0.9653375775329363	A	164	True	0.18480918728577989	0.15164505300717893	30.895344216396396	138;139;140;141;142;156;158;180;187;188;189;190;
H	166	HIS	-0.7053675004975062	-1.1702054160548683	A	165	True	0.4669237538705951	0.30680806462882726	65.08963771907034	139;140;141;142;143;188;189;190;191;
N	167	ASN	-1.1628909894255681	-1.327585337211875	A	166	True	0.6693993753158545	0.4181696564237199	74.13186218182778	140;141;142;143;144;178;189;190;191;
L	168	LEU	-1.2451104501545143	-1.176733441419853	A	167	True	0.813914246783742	0.49765283573105806	103.46336821114345	141;142;143;144;189;190;191;192;
A	169	ALA	-0.1959892165749848	-0.24780367337559017	A	168	True	0.40263194930443363	0.2714475721174385	35.169724654794955	141;142;143;144;145;146;173;191;192;
A	170	ALA	0.05777622464053594	0.29665171612774327	A	169	True	0.3530383614589464	0.2441710988024205	31.63568657679729	142;143;144;145;146;173;191;192;194;
Y	171	TYR	0.038610150950446634	-0.5173962096040734	A	170	True	0.42399137184421865	0.2831952545143202	69.69239808871805	144;146;174;191;192;193;194;195;196;197;
K	172	LYS	0.5314021730521293	0.28463019090817987	A	171	True	0.8253847848934965	0.503961631691423	123.8753817469732	146;147;148;149;194;195;
E	173	GLU	0.5862608943483002	0.23643842730790213	A	172	True	0.9128670550210507	0.5520768802615779	108.36142922699038	146;147;148;149;150;195;196;197;
F	174	PHE	0.1688095215720349	-0.023939614509956735	A	173	True	0.15409803304454248	0.13475391817449836	30.96363403960988	148;149;150;151;152;168;169;194;195;196;197;
K	175	LYS	1.0159885831738438	-0.04536648207282955	A	174	True	1.0	0.696800783986366	171.27586246635752	149;150;151;170;195;196;197;198;
T	176	THR	0.2923917459686868	-0.2885113886650641	A	175	True	0.6563506631519815	0.4109928647335898	66.93454454623128	150;151;152;195;196;197;198;199;
L	177	LEU	-0.20749372552530254	-1.1017284247243393	A	176	True	0.23252593914395617	0.17788926652917586	36.983658812435294	150;151;152;153;154;196;197;198;199;200;
Y	178	TYR	-0.5095952614051606	-0.5967116027874234	A	177	True	0.6700684560916317	0.41853765085039735	102.99922796449192	151;152;153;154;197;198;199;200;201;202;
N	179	ASN	-0.8386589679670804	-1.141332474900944	A	178	True	0.5497918577482531	0.35238552176153914	62.46984814132037	152;153;154;155;156;166;199;200;201;202;
L	180	LEU	-1.2757836197346963	-1.4475533468971542	A	179	True	0.714125498191801	0.4427690240054905	92.0528755671063	153;154;155;156;157;201;202;203;
A	181	ALA	-0.602355537961759	-1.0352449918573519	A	180	True	0.46316824540766854	0.30474253497421766	39.48353990438555	153;154;155;156;157;158;164;202;
A	182	ALA	-0.2312245877657101	-0.3589186785483035	A	181	True	1.0	0.6267555017479274	81.20469912626777	155;156;157;158;159;203;204;
Y	183	TYR	0.15477127705957586	-0.016116454236049238	A	182	True	0.39104272847791577	0.2650735006628536	65.2327595059737	156;157;158;159;160;161;162;163;186;187;
S	184	SER	0.19822133380276932	0.19606982398153402	A	183	True	0.5623340148805667	0.3592837081843116	48.6932179730283	158;159;160;161;187;
P	185	PRO	0.2006377011691929	-0.05439983977257151	A	184	True	1.0	0.8008886606580353	132.4021925801918	160;203;
R	186	ARG	0.4727598470260507	0.22267674476671562	A	185	True	1.0	0.7167330567844077	195.67729868527016	160;161;
T	187	THR	0.712912596652564	0.6027273086031733	A	186	True	1.0	0.7971104855994003	129.8178919510097	182;
L	188	LEU	0.030324543461645176	-0.06614167676335304	A	187	True	0.6681832470402053	0.4175007858721128	86.79954063493412	161;162;163;164;182;183;
N	189	ASN	-0.7433824286557323	-0.8642461751282798	A	188	True	0.9253397628193787	0.5589368695506582	99.08665142333203	163;164;165;
A	190	ALA	-1.2784948729208017	-1.2904040707796134	A	189	True	0.9111600232263078	0.5511380127744693	71.40742503190623	163;164;165;166;167;
W	191	TRP	-1.1683824748669032	-0.9423447706586356	A	190	True	1.0	0.6230721188517061	168.03370283021744	164;165;166;167;199;
V	192	VAL	-0.6949509999618603	-0.500631288220266	A	191	True	0.8677111333835859	0.5272411233609722	94.0910290821004	165;166;167;168;169;170;197;198;199;
G	193	GLY	-0.10581380577845302	-0.4980286565437542	A	192	True	0.1879147993885563	0.15335313966370595	15.352504853326895	167;168;169;170;
P	194	PRO	-0.2690612009296582	-0.3043077433435496	A	193	True	1.0	0.7846586251141029	129.71905771110087	170;197;
G	195	GLY	0.077412285785238	-0.0576554910805822	A	194	True	0.565148763180071	0.360831819749039	36.12363122189777	169;170;171;173;198;
P	196	PRO	0.3051234122844098	0.1636068956889887	A	195	True	1.0	0.7524675146395318	124.3972522994442	170;171;172;173;174;175;
G	197	GLY	0.3615695120192697	0.12181629571072648	A	196	True	0.8390224369659668	0.5114623403312817	51.2035689614793	170;172;173;174;175;176;
L	198	LEU	0.03231998181475801	0.03040838476006461	A	197	True	0.16375691740925669	0.14006630457509117	29.12016290018381	170;172;173;174;175;176;177;191;193;
L	199	LEU	-0.3297211506264839	-0.5518324850479769	A	198	True	1.0	0.7085816575987398	147.31603978525354	174;175;176;177;191;194;
S	200	SER	-1.2393319833676069	-1.318601737786273	A	199	True	1.0	0.6750076854663262	91.48284660049154	175;176;177;178;190;191;
G	201	GLY	-1.3316500096346575	-1.4115266736735614	A	200	True	1.0	0.6655923156731105	66.63384446589801	176;177;178;220;222;
I	202	ILE	-1.2370037060969	-1.050352654542784	A	201	True	1.0	0.7546482718471692	153.74796380547428	177;178;179;220;221;222;
V	203	VAL	-0.7172922167477783	-0.6891786354120064	A	202	True	0.7079800893355008	0.4393890491345254	78.4130181973081	177;178;179;180;218;219;220;221;
Q	204	GLN	-0.8117482816012235	-0.6891786354120075	A	203	True	1.0	0.7166876892964473	149.34889919080126	179;181;184;219;220;221;
Q	205	GLN	-0.5167596052152985	-0.6003733561378586	A	204	True	1.0	0.7359510657525798	153.36314990472889	181;218;219;220;
Q	206	GLN	-0.3127087894200176	-0.4598459687681845	A	205	True	1.0	0.6654722001888779	138.67622121129983	
S	207	SER	-0.16269280680133447	-0.221987048741823	A	206	True	1.0	0.779124207988493	105.59361313478928	
N	208	ASN	0.2616439450996043	0.2970957827968009	A	207	True	1.0	0.6394471665131956	113.35927533795976	
L	209	LEU	0.16553701125211895	0.22763505111051496	A	208	True	1.0	0.801750304436425	166.68605301815475	
L	210	LEU	0.2694829264241556	0.3304683650615576	A	209	True	1.0	0.8300469043363143	172.56899253816147	
R	211	ARG	0.495076754142842	0.46366687599048056	A	210	True	1.0	0.889285991153947	242.78645844571435	
A	212	ALA	0.31933660897889915	0.3803112046513981	A	211	True	1.0	0.8298811702879145	107.52239199471525	
G	213	GLY	0.8537715708154973	0.915909692556368	A	212	True	1.0	0.6104470600893089	61.1131371243669	
P	214	PRO	1.296644087049335	1.338673401947803	A	213	True	1.0	0.8732720653323522	144.36855189588567	
G	215	GLY	0.9972187438186675	1.0039234172471283	A	214	True	0.999587888549767	0.5997733387023718	60.04456846150572	
P	216	PRO	0.6214234761813183	0.5988069273824985	A	215	True	1.0	0.876994501457496	144.98394168590193	
G	217	GLY	0.6449868207956735	0.6778293657534633	A	216	True	0.9226832167636587	0.5574757692200123	55.810069955730796	
P	218	PRO	0.05423204995771854	-0.0012690229403054644	A	217	True	1.0	0.7930851056678365	131.11211589241162	
I	219	ILE	-0.1531745895750341	-0.16939052451665226	A	218	True	0.9119397420386359	0.5515668581212497	112.37325321258956	202;204;
P	220	PRO	-0.8528729945832175	-0.8345699125039743	A	219	True	1.0	0.6448279604840318	106.6023780820557	202;203;204;
I	221	ILE	-1.5402986689073814	-1.4248937996285824	A	220	True	0.9475634032207378	0.5711598717714058	116.36502801139866	200;201;202;203;204;
H	222	HIS	-1.8272853002387863	-1.789549633006355	A	221	True	1.0	0.7131632992486339	151.29830709889694	201;202;203;
Y	223	TYR	-1.130520271928201	-1.1159008522476517	A	222	True	1.0	0.7286940916356272	179.32658796229555	200;201;
C	224	CYS	-1.3666257732134006	-1.401029676398517	A	223	True	1.0	0.8002437250639395	124.19214439947547	
T	225	THR	-0.7974912877950721	-0.8187888065904744	A	224	True	1.0	0.6955264258595721	113.27385103134544	
P	226	PRO	-1.2068331092382665	-1.2244387820507878	A	225	True	1.0	0.7482618424021962	123.7019743502729	
A	227	ALA	-0.8405526206047633	-0.8443882182143301	A	226	True	1.0	0.8656445936935208	112.15602987946986	
G	228	GLY	-0.8332432449301035	-0.8363052008977656	A	227	True	1.0	0.6162615484987016	61.69523776945687	
Y	229	TYR	-1.007715960585581	-1.0171562334887194	A	228	True	1.0	0.9281582078994692	228.41333067242488	
A	230	ALA	-1.1003530135492616	-1.1085641444393803	A	229	True	1.0	0.7354145507400774	95.2829566862671	
I	231	ILE	-0.8142105329554717	-0.8234353202885148	A	230	True	1.0	0.8442804736889753	172.0091445948339	
L	232	LEU	-0.8091901271214084	-0.8234353202885148	A	231	True	1.0	0.7946616970465227	165.2123124025541	
G	233	GLY	-0.1129448074042462	-0.15825593230119286	A	232	True	1.0	0.6179435396089648	61.86362543168664	
P	234	PRO	0.08370598811704033	0.035464980899010685	A	233	True	1.0	0.8781951229905485	145.18242735718678	270;271;
G	235	GLY	0.061200340378069734	0.035464980899010685	A	234	True	0.9155728445966314	0.5535650645281472	55.41856109654833	
P	236	PRO	0.6006273067755752	0.5809718468677372	A	235	True	1.0	0.7899179711908818	130.5885280711025	
G	237	GLY	0.20472013183864296	0.20375635418910598	A	236	True	1.0	0.7718225977429319	77.26878108750017	
I	238	ILE	-0.6110247200632214	-0.6135134768482079	A	237	True	1.0	0.6826321939149144	139.0757969743775	
P	239	PRO	-0.5855640149970255	-0.6553040768264702	A	238	True	0.8942725833986993	0.5418499208692845	89.57814125318133	
M	240	MET	-0.9262475727668315	-0.9349832930422712	A	239	True	1.0	0.7939890430961276	171.4539939661778	
F	241	PHE	-1.3597758352849447	-1.3766967754806398	A	240	True	1.0	0.804178792824795	184.78347925436785	
S	242	SER	-0.7870939630294086	-0.8196499723940677	A	241	True	1.0	0.6596448071477553	89.40073721000527	
A	243	ALA	-0.43650045749733646	-0.4820857369540374	A	242	True	1.0	0.7811193137325363	101.20463031671684	
L	244	LEU	0.041259909762077704	-0.07353499864877572	A	243	True	1.0	0.8350575598271784	173.61072134348194	247;248;
S	245	SER	0.4664437113762638	0.46851438630142933	A	244	True	1.0	0.6867517176962221	93.07449884696422	248;
E	246	GLU	0.2956505267115648	0.24250667178764737	A	245	True	1.0	0.8956595885609586	175.79970577890953	
G	247	GLY	0.484281824632823	0.5400209685182066	A	246	True	1.0	0.9059234347898915	90.6938974960291	
A	248	ALA	0.8495130581487407	0.9078831428420192	A	247	True	0.9996794128140134	0.5998236770477073	77.71531496353833	243;
T	249	THR	1.240456307046975	1.3003761971533534	A	248	True	1.0	0.682175159824788	111.09945583416088	243;244;
P	250	PRO	0.8477420477010427	0.9027392963892884	A	249	True	1.0	0.8200672075023089	135.57277268379494	
Q	251	GLN	0.9403454312472388	0.9874590521469152	A	250	True	1.0	0.741496555336296	154.51876172445344	
D	252	ASP	1.2224835324199046	1.1687944927674239	A	251	True	1.0	0.8708213924759507	145.56563314488744	
G	253	GLY	1.4781453510275453	1.5225511102750622	A	252	True	1.0	0.6519325118899327	65.26633282357614	
P	254	PRO	1.3850361696118851	1.4033997407458847	A	253	True	1.0	0.8300417934317047	137.22176225251533	273;274;275;
G	255	GLY	0.8673024780309597	0.8622359481333944	A	254	True	0.9495204777538897	0.5722362627646393	57.28777396151985	273;
P	256	PRO	0.9290000699512396	0.8903007660179529	A	255	True	1.0	0.6925248722025754	114.48758860014478	273;
G	257	GLY	1.2375537426077932	1.3643904405527107	A	256	True	0.7824030442793551	0.48032167435364526	48.086011495059566	272;273;274;
Y	258	TYR	0.7915816819591674	0.6258604185910979	A	257	True	0.9069093400559315	0.5488001370307622	135.05592700232506	271;272;273;274;
K	259	LYS	0.4485336456286754	0.0589775347818794	A	258	True	0.8995860413807708	0.5447723227594239	133.90678020569922	270;271;272;273;299;300;
R	260	ARG	-0.12419025117226787	-0.614671245976824	A	259	True	0.9446779615205736	0.5695728788363155	155.50068645516325	269;270;271;272;273;299;300;
W	261	TRP	-0.4956649032114194	-1.078678579058645	A	260	True	0.6709112438183167	0.41900118410007414	112.99866953497576	268;269;270;271;272;297;298;299;300;
I	262	ILE	-0.05337420436325482	-0.5407011177773023	A	261	True	0.3818035606724048	0.2599919583698226	52.969357641692454	267;268;269;270;271;296;297;298;299;
I	263	ILE	-0.6442947896868222	-1.3715856694002466	A	262	True	0.6038488615767914	0.38211687386723525	77.85042845059162	266;267;268;269;270;294;295;296;297;298;299;
L	264	LEU	-0.9956547574145175	-1.714387893712501	A	263	True	0.6656906513823659	0.4161298582603012	86.51452108293392	267;268;269;294;295;297;
G	265	GLY	-0.42807178445045047	-0.6793332607749438	A	264	True	0.8621782911436511	0.524198060129008	52.47856861544127	268;294;295;
L	266	LEU	-0.60169539344688	-0.6534476230833809	A	265	True	1.0	0.7406557087790804	153.98432162558453	
N	267	ASN	-0.7562440603819648	-0.725512791677493	A	266	True	1.0	0.6566231250842095	116.4041777455534	262;322;
K	268	LYS	-0.21989757576326402	0.15474405899190935	A	267	True	0.7852449727561545	0.4818847350158849	118.44880989805657	261;262;263;
I	269	ILE	-0.5985232022502334	-0.1911361880600935	A	268	True	1.0	0.6190909129241172	126.13023950822986	260;261;262;263;264;
V	270	VAL	-0.12131803291041761	0.2629627669579711	A	269	True	0.6122034355312449	0.38671188954218466	69.01229443818664	259;260;261;262;263;
R	271	ARG	-0.008344635422087117	0.23967976094292107	A	270	True	0.8460566442507423	0.5153311543379082	140.69200137302448	233;258;259;260;261;262;
M	272	MET	-0.17472840433390094	-0.11815606261502423	A	271	True	0.7287913480694467	0.4508352414381956	97.35336203616396	233;257;258;259;260;261;
G	273	GLY	0.6005840284376553	0.5289878068231308	A	272	True	0.8501080679955669	0.5175594373975617	51.81396215268843	256;257;258;259;260;
P	274	PRO	1.6005397386119	1.1606284304044432	A	273	True	1.0	0.603021254966357	99.69093115190866	253;254;255;256;257;258;259;
G	275	GLY	0.2245570593615404	0.03371932747207218	A	274	True	1.0	0.6079391761132379	60.862067592966085	253;256;257;278;
P	276	PRO	0.25577907095121405	0.2075532383383365	A	275	True	1.0	0.6219461852316274	102.81958359092593	253;279;
G	277	GLY	0.24205868808798564	0.15758822645747614	A	276	True	0.8672508452742062	0.5269879649008133	52.75787184094671	280;281;
W	278	TRP	0.6442916090893117	0.4648424620312285	A	277	True	0.9485697377755924	0.5717133557765758	154.18297372329044	281;282;
A	279	ALA	0.6396850823906369	0.8218550127338929	A	278	True	0.6142051518310437	0.387812833507074	50.246426835377136	274;282;283;
S	280	SER	0.31025085069719543	0.26408652891126927	A	279	True	0.6485604945269033	0.4067082719897968	55.12060271119638	275;283;284;
R	281	ARG	0.8228105746235219	0.6863705201089275	A	280	True	1.0	0.6268447479115478	171.13663979262583	276;284;285;
E	282	GLU	1.3885194021807346	1.7482558919978979	A	281	True	0.7475807193393254	0.4611693956366289	90.51814450779926	276;277;285;286;
L	283	LEU	1.1173262313018497	1.2045963956123331	A	282	True	0.8054412439447972	0.49299268416963843	102.49451011911509	277;278;286;287;
E	284	GLU	1.0230008917107805	1.064184571889507	A	283	True	0.922874468349012	0.5575809575919566	109.4417673237662	278;279;287;288;
R	285	ARG	0.2713531160791326	0.2489514522635051	A	284	True	1.0	0.6767283748079402	184.75550844576526	279;280;288;
F	286	PHE	0.20875589485581192	-0.0899768675950717	A	285	True	1.0	0.6693910239065713	153.81206702133045	280;281;289;290;291;
A	287	ALA	0.8068987143497959	0.4677916162275541	A	286	True	1.0	0.6655995510575817	86.2374739934041	281;282;290;291;292;293;294;
L	288	LEU	0.29574757348813296	0.11077906552488971	A	287	True	1.0	0.68336549272681	142.07353102473417	282;283;291;
N	289	ASN	-0.47288168705223177	-0.7474316439526545	A	288	True	0.7309490594231898	0.45202198268275434	80.13310102405063	283;284;292;
P	290	PRO	-0.007658390523959294	-0.0257807845430993	A	289	True	1.0	0.7933086366318783	131.14906983020916	285;293;
G	291	GLY	0.21935584182540713	0.2524121749631366	A	290	True	1.0	0.6326482897527539	63.335748848556676	285;286;
L	292	LEU	0.7161340681687214	0.7010615220461358	A	291	True	1.0	0.6736677026158382	140.05733427662983	285;286;287;
G	293	GLY	0.7086739363222387	0.7091137616577141	A	292	True	1.0	0.6075019929308911	60.818300266496664	286;288;
P	294	PRO	0.6552078671166172	0.6177058507070533	A	293	True	1.0	0.857902593348722	141.8276846200767	286;289;
G	295	GLY	0.14585868821335393	0.16905650362405414	A	294	True	0.991739026224879	0.5954564644236834	59.61239711203024	262;263;264;286;
P	296	PRO	0.3087015346389292	0.4674194296454679	A	295	True	0.9804562536267931	0.5892509394947362	97.41443499142423	262;263;264;
G	297	GLY	0.23038354367607342	0.4367757549889309	A	296	True	0.6321951260482498	0.3977073193265373	39.81531492315023	261;262;311;
L	298	LEU	0.528474205263769	0.7150200714182744	A	297	True	1.0	0.6621462191532158	137.66198675674528	260;261;262;263;
H	299	HIS	0.07281130709391594	0.15598730675144976	A	298	True	0.6913694235721821	0.4302531829647001	91.2786430191441	260;261;262;307;310;311;
S	300	SER	0.08615846037111277	0.3414142286875264	A	299	True	0.5927542327264347	0.376014827999539	50.96076321801833	258;259;260;261;262;307;
D	301	ASP	0.2459910208127334	0.2861234635973984	A	300	True	1.0	0.7616227949516333	127.31210478132006	258;259;260;307;
Y	302	TYR	0.10240307171868085	0.0334341263015399	A	301	True	0.48984440528047035	0.31941442290425864	78.60568551722001	305;306;307;308;310;
K	303	LYS	0.7852444134779804	0.6317663215265498	A	302	True	1.0	0.7887583941870246	193.87933731803207	306;307;
S	304	SER	0.7888272107312461	1.0432091488848174	A	303	True	0.6856202139249186	0.42709111765870517	57.88306124871959	307;308;
F	305	PHE	0.7841783343913079	0.5020060042222622	A	304	True	1.0	0.6975214091266648	160.27584161985683	308;309;
E	306	GLU	1.633586782939112	1.3619014185804352	A	305	True	1.0	0.655381756865338	128.6380690848258	301;309;310;
D	307	ASP	0.5549608300517165	0.862982940285991	A	306	True	0.5463036627719933	0.3504670145245962	58.58371568091698	301;302;310;311;
A	308	ALA	0.20667650840780052	0.9794593807975488	A	307	True	0.16825026193993473	0.1425376440669641	18.46769030083451	298;299;300;301;302;303;311;312;
K	309	LYS	1.2951457043460273	1.0861392626489028	A	308	True	0.9866286651062331	0.5926457658084282	145.67422570216223	301;303;304;312;313;
A	310	ALA	0.9758712089314676	0.6449054984043122	A	309	True	1.0	0.6318784752516466	81.86845001611425	304;305;313;
N	311	ASN	0.5418669235249097	0.4573228412583377	A	310	True	0.8470595878803712	0.5158827733342041	91.4541504083677	298;301;305;306;
C	312	CYS	0.566071783391973	0.654140122603465	A	311	True	0.7703965672632797	0.47371811199480374	73.51768758299838	296;298;306;307;
G	313	GLY	0.4713908344732851	0.41793276309063676	A	312	True	0.7759806230370214	0.4767893426703617	47.73238235234952	307;308;
P	314	PRO	0.755615392320826	0.6116536762908403	A	313	True	1.0	0.8577622684488888	141.80448623392869	308;309;317;318;319;
G	315	GLY	0.6000900107177035	0.8613628833503122	A	314	True	0.6726805603019951	0.41997430816609727	42.044509936555144	318;319;
P	316	PRO	1.377422251381473	1.4191852749314282	A	315	True	1.0	0.849822396312008	140.49187371814446	
G	317	GLY	1.7092423314844478	1.7147723762848575	A	316	True	1.0	0.8791943903715667	88.01799672831731	
K	318	LYS	1.0295685283231937	0.9166678779199328	A	317	True	1.0	0.718309996668298	176.562895773057	313;
S	319	SER	0.5176183229448389	0.45266054483811163	A	318	True	1.0	0.7265521630891185	98.46859749043992	313;314;
D	320	ASP	0.2835600519652637	0.09791308952409672	A	319	True	1.0	0.8249256396394451	137.89374499649	313;314;
V	321	VAL	-0.12273393219547152	-0.1439995872763857	A	320	True	1.0	0.623524016758334	111.27359721147889	
L	322	LEU	-1.0700420894125267	-1.1106864115740254	A	321	True	1.0	0.8255619958639111	171.63656795749597	
T	323	THR	-1.1872448326702032	-1.5253480064039704	A	322	True	0.7844555819894338	0.4814505700941885	78.4093287158816	266;
T	324	THR	-2.4077188819294877	-2.4606445703352247	A	323	True	1.0	0.613720638901144	99.95091148382366	
W	325	TRP	-1.3531588996695232	-1.4089428459745497	A	324	True	1.0	0.6179186164636149	166.64387641588314	
L	326	LEU	-1.4027553580854903	-1.4918305144314514	A	325	True	1.0	0.75248410997532	156.44347817096596	
I	327	ILE	-1.5662214728031159	-1.8605031578267985	A	326	True	0.8837903723539724	0.5360847047946847	109.21900289746318	
D	328	ASP	-0.9033730235502894	-1.1416865557522038	A	327	True	1.0	0.7454823239650679	124.61407979167677	
Y	329	TYR	0.1341633645454474	-0.027562402884843247	A	328	True	1.0	0.7304906407631845	179.76870630639843	
V	330	VAL	0.32696203500091436	0.45787179775985076	A	329	True	1.0	0.7067194419554153	126.12058623580984	
E	331	GLU	1.0588477875976907	1.1100937109556812	A	330	True	1.0	0.8476272133889554	166.3719303930988	
D	332	ASP	0.7044374850230832	0.728056010995981	A	331	True	1.0	0.8505377187613696	142.1750345304318	
G	333	GLY	1.248289863327186	1.3667304876627568	A	332	True	1.0	0.645986689136056	64.67108402145774	
P	334	PRO	1.9078483241628006	1.9939123411153759	A	333	True	1.0	0.8747097452547233	144.60622784674013	
G	335	GLY	1.6114624404797873	1.6319487246933444	A	334	True	1.0	0.6681370518207572	66.88860334558483	
P	336	PRO	1.340280205588409	1.3278170881376612	A	335	True	1.0	0.8348081236652481	138.0097276770275	
G	337	GLY	1.4443155210431695	1.715421756112173	A	336	True	0.8482704820255443	0.5165487651140493	51.71278162797422	
P	338	PRO	1.0329204301964063	1.0332269992734804	A	337	True	1.0	0.8121269646099052	134.26009887504136	
N	339	ASN	0.972247182893383	0.9401379265023734	A	338	True	1.0	0.75786336836062	134.3517443528656	
E	340	GLU	0.3585637910287363	0.2760732310472244	A	339	True	1.0	0.8796559163748313	172.65851140368534	
I	341	ILE	0.5602326923599488	0.6383678247338599	A	340	True	0.9712641531879324	0.5841952842533628	119.02079255924517	
K	342	LYS	0.08349643451516969	-0.006422804914153561	A	341	True	1.0	0.8257261533695697	202.96613082193102	
Y	343	TYR	-0.4961107809965334	-0.5192303408377096	A	342	True	1.0	0.751723443917352	184.9939526562973	
K	344	LYS	-0.44385993198689366	-0.5291387189014662	A	343	True	1.0	0.7193416999507053	176.8164917413232	
I	345	ILE	0.020003863009063986	0.08493425631412856	A	344	True	1.0	0.7117022792674678	144.99837918564583	
L	346	LEU	-0.6432251983568371	-0.6719410262499632	A	345	True	1.0	0.6319800833782653	131.39036568056648	
E	347	GLU	0.14429942479690308	0.04178773181498853	A	346	True	1.0	0.7088202683464132	139.12695874292663	
N	348	ASN	0.10210654530121949	0.17473405746646722	A	347	True	1.0	0.620197606660021	109.94677111586854	
F	349	PHE	0.7799175744366169	0.8838036073683212	A	348	True	1.0	0.765505859389688	175.89724741528906	
N	350	ASN	1.2495008691373757	1.3288611674032078	A	349	True	1.0	0.6963570814251626	123.44809432380855	
D	351	ASP	1.0456292299827326	0.9967465398982429	A	350	True	1.0	0.8525024914641421	142.50346397065454	
N	352	ASN	0.8584180794837998	0.8967943353023676	A	351	True	1.0	0.7910630531017628	140.2372848647212	
G	353	GLY	1.6438711817185725	1.6917703156962312	A	352	True	1.0	0.6161000814788699	61.679072967020765	
P	354	PRO	1.5363265553371073	1.5716297907954537	A	353	True	1.0	0.8828103962408896	145.94542017718726	
G	355	GLY	0.6301310214793241	0.6128008289627774	A	354	True	1.0	0.603472808576744	60.414930159515855	
P	356	PRO	-0.007007989166775454	-0.057006772861444496	A	355	True	1.0	0.824482186276011	136.30265300118248	
G	357	GLY	-0.3845619488782556	-0.43001120486297884	A	356	True	1.0	0.7404070828101744	74.12370791500047	
I	358	ILE	-0.08780874930249456	-0.14483102378900584	A	357	True	1.0	0.7545074698095897	153.71927755866884	
I	359	ILE	-0.636940633009414	-0.695736647970419	A	358	True	1.0	0.7121447597194731	145.08852776354297	
M	360	MET	-1.1831756544465462	-1.2367847438104553	A	359	True	1.0	0.623305942217863	134.59668516252532	
D	361	ASP	-1.5746449358590244	-1.7087187793432814	A	360	True	1.0	0.7304101904313695	122.09463702231727	
I	362	ILE	-1.0789015082394156	-1.1972505153499888	A	361	True	0.9198047419971935	0.5558926080984564	113.25455815389577	
L	363	LEU	-0.3402497670187144	-0.37384497368473046	A	362	True	1.0	0.7883727069121651	163.9048143733478	
L	364	LEU	0.4669039456464093	0.49219890589849846	A	363	True	1.0	0.7591496238983064	157.82925651244244	
S	365	SER	0.25080332237252445	0.34462132518493804	A	364	True	1.0	0.7287436906894953	98.76561215798034	
K	366	LYS	0.8959998777965885	0.9239619789149605	A	365	True	1.0	0.811419365185857	199.44947650465224	369;
R	367	ARG	0.9057009192933336	0.9529439847514471	A	366	True	1.0	0.7172651288989668	195.82256118306785	
P	368	PRO	1.5784520200876435	1.7604199931987659	A	367	True	1.0	0.7143134340612578	118.08965403691647	
S	369	SER	1.0224393863238985	1.2100613453052311	A	368	True	1.0	0.8930240556686235	121.03030003109062	
L	370	LEU	0.7466289539531199	0.8307986541844129	A	369	True	0.9964783071730282	0.5980630689451655	124.33892680398606	365;
K	371	LYS	0.4865151541416064	0.47945213622694527	A	370	True	1.0	0.831841283367288	204.46924934378617	
I	372	ILE	0.26912449188860305	0.35906221943979677	A	371	True	1.0	0.7332650672935521	149.39146517902492	
G	373	GLY	0.37152838729002885	0.4590676638551374	A	372	True	1.0	0.6000863428720403	60.07590396623999	
P	374	PRO	0.8026991434506717	0.8639962927318123	A	373	True	1.0	0.8705000411390058	143.9102833510634	377;
G	375	GLY	-0.053398087067457675	-0.09267693389096625	A	374	True	0.6366988510182114	0.4001843680600162	40.06329747366115	
P	376	PRO	0.8475082508188393	0.8881981691335673	A	375	True	1.0	0.8577676965175169	141.80538359734902	379;380;
G	377	GLY	0.5719041753437044	0.8901282873616283	A	376	True	0.7121018205053036	0.4416560012779169	44.21510976553494	380;381;
I	378	ILE	0.11359974979879932	0.23485727743806287	A	377	True	0.9341131899245682	0.5637622544585125	114.85787740720326	373;381;382;
D	379	ASP	-0.20400239513720309	-0.23162715015969665	A	378	True	1.0	0.7239783550652994	121.01949785436038	382;383;
S	380	SER	-0.3192375910934474	-0.43255653025443735	A	379	True	0.7563383089511251	0.46598606992311875	63.1544396761824	375;383;384;
Y	381	TYR	-0.046178080321522444	-0.1809880614302774	A	380	True	0.9205925227181978	0.5563258874950088	136.90796226389793	375;376;384;385;
L	382	LEU	0.07571890730408293	-0.05284614664030048	A	381	True	0.8094586451260103	0.4952022548193056	102.95388582302165	376;377;385;386;
Q	383	GLN	-0.6003822051627733	-0.5223374050664179	A	382	True	0.9919008349432826	0.5955454592188054	124.10434849205066	377;378;386;387;
K	384	LYS	-0.5568313763451221	-0.5568752077186532	A	383	True	0.9142773806860784	0.5528525593773431	135.89292822314096	378;379;387;
L	385	LEU	-0.13078024418311354	-0.13883975967864387	A	384	True	0.7038435184957282	0.43711393517265046	90.877167330019	379;380;388;
A	386	ALA	0.22686476362292957	0.2690098252324684	A	385	True	1.0	0.6373344356053848	82.57534388100184	380;381;
Q	387	GLN	-0.30806108453101155	-0.2516413543149143	A	386	True	1.0	0.6010958156973149	125.26097451278734	381;382;
H	388	HIS	-0.5375086030447662	-0.5180692669221978	A	387	True	1.0	0.6213455667588359	131.8190833334538	382;383;
S	389	SER	-0.33090417630116375	-0.3538147675880356	A	388	True	1.0	0.7084457831079451	96.01466516052346	384;
I	390	ILE	-0.14631245505605203	-0.17247932696752696	A	389	True	1.0	0.6792225390792898	138.38113231030346	
P	391	PRO	0.019642714205487608	0.006403911935355511	A	390	True	1.0	0.7416009174330797	122.60079622921103	
T	392	THR	0.15130567685582225	0.1745254135117023	A	391	True	1.0	0.7933346123878396	129.202950974251	
G	393	GLY	0.2885287377228212	0.3077239244406264	A	392	True	1.0	0.6698395933365834	67.05904835207137	
P	394	PRO	0.8884102981925188	0.8899647942486679	A	393	True	1.0	0.8844622402162212	146.2185015365295	397;
G	395	GLY	0.06810344443416809	0.12319554151037167	A	394	True	0.6913849951565835	0.4302617473361208	43.07440707548846	
P	396	PRO	0.4675382488578845	0.47979913527656487	A	395	True	1.0	0.8342725752938004	137.9211913022533	
G	397	GLY	0.5568706292233984	0.568604414550715	A	396	True	1.0	0.8467852063542918	84.7734452570615	
V	398	VAL	-0.027220508629443807	-0.09265889362829242	A	397	True	1.0	0.6334330582257166	113.04195682451481	393;
N	399	ASN	-0.6520820620011921	-0.6583032301795422	A	398	True	1.0	0.6961161429514204	123.40538147399894	
N	400	ASN	-0.3717189723468571	-0.3731230491055703	A	399	True	1.0	0.8239823461651701	146.07311838112284	
I	401	ILE	-0.9292204098371886	-0.9364141458666784	A	400	True	1.0	0.7494052122039309	152.67977114628297	
I	402	ILE	-0.3563239698135174	-0.36066589515936737	A	401	True	1.0	0.6208097504558198	126.48042618521626	405;406;
D	403	ASP	-0.1284343656694396	-0.18254471961053442	A	402	True	0.6724702101831138	0.4198586156007125	70.1831463251995	406;
I	404	ILE	-0.6831190693865615	-0.7513345915943098	A	403	True	1.0	0.6835672207608782	139.2662942948292	407;
Q	405	GLN	-0.06904778808345413	-0.0911876583822512	A	404	True	1.0	0.8480273265094953	176.71846410846274	408;
K	406	LYS	-0.002166548440450361	-0.0722378853353178	A	405	True	1.0	0.682854510449002	167.84782380279813	401;
L	407	LEU	-0.16699197891737305	-0.36906353394671454	A	406	True	0.590947374469558	0.37502105595825685	77.9678900905727	401;402;410;411;
N	408	ASN	0.503115552560023	0.5703137412897881	A	407	True	0.9025604811694358	0.5464082646431896	96.86561793115071	403;411;412;
I	409	ILE	0.1832395380287918	0.051611777215392	A	408	True	1.0	0.7717434405913296	157.2308411714983	404;412;
G	410	GLY	0.0658105187133006	0.06374954034349473	A	409	True	0.6713992718972417	0.41926959954348286	41.97396007645711	413;414;
E	411	GLU	0.49057596727076674	0.8904230312893412	A	410	True	0.6709541450526769	0.41902477977897223	82.24601616510475	406;414;
C	412	CYS	0.20662981426904908	0.38182655604288307	A	411	True	0.5983024129041185	0.3790663270972651	58.828402594573156	406;407;415;462;
K	413	LYS	0.8165144803371054	0.7051866516162605	A	412	True	1.0	0.7354198955771866	180.76856367653832	407;408;462;
K	414	LYS	0.08193849967565771	0.06116055545525442	A	413	True	1.0	0.700406084153141	172.16205678431135	409;418;
L	415	LEU	-0.9512707941409091	-0.9766625916751333	A	414	True	1.0	0.6012878807940104	125.0093738943529	409;410;418;419;
T	416	THR	-0.35636285217841807	-0.39860032240442234	A	415	True	0.8413514158991752	0.5127432787445463	83.50567802230405	411;419;420;
V	417	VAL	-1.3031262142491418	-1.3410302555605509	A	416	True	0.9905832528975304	0.5948207890936417	106.15124216502002	420;421;468;
W	418	TRP	-1.254113319428832	-1.352177180882276	A	417	True	1.0	0.6559557489999431	176.90195093364883	421;422;
G	419	GLY	-0.42973887978425046	-0.988649921961358	A	418	True	0.404419045035586	0.2724304747695723	27.273586933178894	413;414;422;423;424;
I	420	ILE	-0.5990668382373724	-1.1719780490682512	A	419	True	0.46063829964587655	0.30335106480523205	61.80310784766803	414;415;423;424;
K	421	LYS	-0.679711426906747	-0.5826057785232746	A	420	True	0.8658694824864973	0.5262282153675735	129.34857926763874	415;416;424;425;
Q	422	GLN	-0.2494645753923862	-0.05897895118565545	A	421	True	0.5362209720529011	0.3449215346290955	71.87740528182756	416;417;425;426;
L	423	LEU	0.16914696518750796	0.35727056640192584	A	422	True	0.8810066660694953	0.5345536663382223	111.13515052661555	417;418;426;427;
Q	424	GLN	0.12190070525989515	0.26415009442233184	A	423	True	0.843055061609908	0.5136802838854493	107.04465289423584	418;419;427;428;
A	425	ALA	-0.3987849910614859	-0.532426698154855	A	424	True	0.6904667196930694	0.4297566958311881	55.68082463599372	418;419;420;428;429;
R	426	ARG	-0.514523650511439	-0.6319841282098005	A	425	True	0.9805773270595993	0.5893175298827796	160.89122892238134	420;421;429;430;
V	427	VAL	-0.4649694726159886	-0.8366499817225798	A	426	True	0.6531295181099498	0.4092212349604723	73.02929421405793	421;422;430;431;443;446;447;450;
L	428	LEU	-0.2826848229458565	-0.3846506750193787	A	427	True	0.9904128347549527	0.5947270591152239	123.64536135311468	422;423;431;432;433;
A	429	ALA	-0.01500151920265546	0.16690606173877012	A	428	True	0.7851633463278698	0.4818398404803283	62.42890435605707	423;424;432;433;
V	430	VAL	-0.36462416082463095	-0.4117291234223864	A	429	True	0.735476493306463	0.4545120713185546	81.1118606378522	424;425;433;434;443;
K	431	LYS	-0.2791806930480827	-0.3388294318874595	A	430	True	0.5691564067852778	0.36303602373190275	89.23541634857764	425;426;434;435;439;440;443;444;446;447;
K	432	LYS	-0.2908071005802203	-0.2867169147074159	A	431	True	1.0	0.632163330861067	155.38776964830902	426;427;435;436;
A	433	ALA	-0.3698055045003073	-0.4036480511250033	A	432	True	0.8684076687435632	0.5276242178089597	68.36089310651295	427;428;436;
C	434	CYS	0.07327866092286106	0.5037629176822239	A	433	True	0.20745648247627485	0.16410106536195115	25.467320226610752	427;428;429;437;438;439;440;442;443;
M	435	MET	-0.3245428617637789	-0.44444091616917436	A	434	True	0.8421619007980417	0.5131890454389229	110.818042472081	429;430;438;439;440;443;
T	436	THR	-0.2633374827170738	-0.29737515177684337	A	435	True	1.0	0.678200320659499	110.4521111427984	430;431;439;440;
D	437	ASP	-0.18292945241093328	-0.311135301605568	A	436	True	0.7083659656834673	0.43960128112590696	73.48331055172548	431;432;440;
Y	438	TYR	-0.00527086432774912	-0.13478143834081377	A	437	True	1.0	0.699474738128375	172.1359066777	433;441;443;
D	439	ASP	-0.13056188732285742	-0.3276690523421214	A	438	True	1.0	0.7782869791596568	130.09767314934908	433;434;442;443;
T	440	THR	0.04712808075133723	0.2962813244180602	A	439	True	0.5273138246238568	0.3400226035431212	55.376285226594845	430;433;434;435;443;444;
L	441	LEU	-0.32738726165864207	-0.7396908497664016	A	440	True	0.44670252289551565	0.2956863875925336	61.47399833373423	430;433;434;435;436;444;445;446;
I	442	ILE	0.0971517940676977	-0.29686770943669427	A	441	True	1.0	0.6598669215319484	134.4377233115429	437;445;446;
D	443	ASP	-0.3030016116298604	-0.7385310898894161	A	442	True	0.9558229699506648	0.5757026334728657	96.23387650869074	433;438;446;447;
V	444	VAL	-0.09631718424071051	-0.9592633441869896	A	443	True	0.1385915111255643	0.12622533111906037	22.52607161124262	426;429;430;433;434;437;438;439;447;448;
Q	445	GLN	-0.5025386001175199	-0.7245617472252099	A	444	True	1.0	0.6474271949243215	134.91586406773104	430;439;440;448;449;450;
S	446	SER	0.1763960261401026	0.13463781019536894	A	445	True	0.6683071368629571	0.41756892527462636	56.59253184597473	440;441;449;450;
L	447	LEU	0.21404354437085255	0.23268054815520348	A	446	True	0.856297770154715	0.5209637735850932	108.30977513052954	426;430;440;441;442;450;451;
H	448	HIS	0.46282057826140616	0.7597756611101182	A	447	True	0.7075831295453953	0.4391707212499673	93.17050768390182	426;430;442;443;451;452;453;
K	449	LYS	0.18989251649072594	0.18303657259643072	A	448	True	0.9373164714713457	0.5655240593092401	139.007623455201	443;444;452;453;
K	450	LYS	0.49135486565603553	0.5574403422953563	A	449	True	0.8542394198930473	0.5198316809411759	127.77629063672006	444;445;453;454;
A	451	ALA	0.5701317528495412	0.91611960106508	A	450	True	0.6182852631348987	0.39005689472419425	50.53717548528762	426;444;445;446;454;455;456;
V	452	VAL	0.38389721032284907	0.5623936126124301	A	451	True	0.6168040106819246	0.3892422058750585	69.46385266669824	446;447;455;456;
E	453	GLU	0.5651901680574091	0.6377474907683255	A	452	True	0.8672643000713415	0.5269953650392377	103.43843945175556	447;448;456;457;
S	454	SER	-0.022122713599568116	-0.14956905427283332	A	453	True	0.7743308857440578	0.47588198715923175	64.49561948490866	447;448;449;457;458;
L	455	LEU	-0.15851027293915587	-0.38641469818927315	A	454	True	0.6565846736694426	0.41112157051819337	85.4732845389728	449;450;458;459;462;463;
D	456	ASP	-0.10901546517779813	-0.19103794911126512	A	455	True	0.7957355857336935	0.48765457215353136	81.51585062661215	450;451;459;460;463;
Y	457	TYR	-0.4563301279351035	-0.6729476208019469	A	456	True	0.8373278532533086	0.5105303192893197	125.63798891789847	450;451;452;460;461;462;463;
L	458	LEU	-0.00600836297563246	-0.3278630131629229	A	457	True	0.4454124608963943	0.29497685349301683	61.32648427870263	452;453;461;462;463;464;
L	459	LEU	0.036439136813739455	0.09750164547024945	A	458	True	0.43225954237016156	0.2877427483035888	59.82249427773653	453;454;462;463;464;465;
S	460	SER	-0.6641434907243322	-0.8605659061879316	A	459	True	1.0	0.6731196658109241	91.2269659398224	454;455;463;464;
R	461	ARG	-0.4780899176510953	-0.8635856910242453	A	460	True	0.9846431307955272	0.59155372193754	161.50173797658923	455;456;464;
G	462	GLY	0.13739190356668568	-0.09358745962205291	A	461	True	0.918649859863239	0.5552574229247814	55.587986649588004	456;457;465;
V	463	VAL	-0.04016850540057811	-0.2339909922659292	A	462	True	0.8901322395927344	0.5395727317760038	96.29171805456022	411;412;454;456;457;458;
I	464	ILE	0.07950776121756459	0.12860286825699024	A	463	True	0.29146575809062286	0.21030616694984258	42.846642801059396	454;455;456;457;458;459;467;468;
D	465	ASP	0.16692834850414512	0.0804691164685008	A	464	True	0.5402237836521477	0.3471230810086812	58.02474709833014	457;458;459;460;468;469;
I	466	ILE	0.6737922956719347	0.4031804027714615	A	465	True	0.8834834684342975	0.5359159076388635	109.1846130764408	458;461;469;470;
K	467	LYS	1.2149269332110053	0.8775134025368718	A	466	True	1.0	0.7149224978512495	175.73023772383024	470;471;
K	468	LYS	1.9521363372031948	1.8335673555306662	A	467	True	1.0	0.6082348105649017	149.50606278824665	463;471;472;
D	469	ASP	0.9320516159430333	1.3755945866036627	A	468	True	0.7191965004428874	0.44555807524358804	74.47904229964293	416;463;464;472;473;
A	470	ALA	1.3542247561403329	2.0264524153809513	A	469	True	0.6205147587039634	0.39128311728717985	50.696049294949255	464;465;473;474;
K	471	LYS	1.3304148554452078	1.0638017017801544	A	470	True	1.0	0.6719775068763115	165.17422151821938	465;466;474;475;
A	472	ALA	0.6874338254107792	0.5200478127472139	A	471	True	0.7891951260580996	0.4840573193319547	62.71620889899766	466;467;475;476;
N	473	ASN	0.21022656031875814	-0.014838740899696123	A	472	True	0.736229377627389	0.4549261576950639	80.64794445770784	467;468;476;477;
C	474	CYS	0.8039193218663228	0.5036924942959637	A	473	True	0.9326419307848128	0.5629530619316471	87.36631824505191	468;469;477;478;
A	475	ALA	0.4135568034804356	0.2248244284117849	A	474	True	0.7808566200965379	0.4794711410530958	62.12200713094688	469;470;478;479;
A	476	ALA	0.4228238297833056	0.39781004501920797	A	475	True	0.7337262318356966	0.45354942750963306	58.763496606087095	470;471;479;480;
E	477	GLU	0.1661633338619019	0.0535919238327108	A	476	True	1.0	0.6046820160458083	118.68674423666482	471;472;480;
S	478	SER	0.17885545174688713	0.1898168559392532	A	477	True	0.8471111391750729	0.51591112654629	69.92071270524153	472;473;481;
S	479	SER	0.45986521548345943	0.45265182944666604	A	478	True	1.0	0.6865341047584399	93.0450060701647	473;474;482;
T	480	THR	0.7103654830092299	0.6817966351025331	A	479	True	1.0	0.6547789895662838	106.63769910815873	474;475;
L	481	LEU	0.5579813349283471	0.6106603122697851	A	480	True	0.9738602306460641	0.5856231268553352	121.7526292556667	475;476;
P	482	PRO	0.5774261211553522	0.6529297644796731	A	481	True	1.0	0.6240408360005884	103.16586937086487	477;
N	483	ASN	0.5904997282301857	0.6672963577801809	A	482	True	1.0	0.9027419697962158	160.03538817956374	478;
K	484	LYS	1.0659234797971888	1.0659053939863152	A	483	True	1.0	0.836005799731695	247.4902373461913	
